# Format <LP ID> <Terminal ID> <Total sends> <Total Recvs> <Bytes sent> <Bytes recvd> <Send time> <Comm. time> <Compute time>
 0 0 10471 10703 185586284 26288920 307782136.563872 35690644.351021 0.000000
 1 1 11407 10639 316604100 34306672 255369487.584823 47811724.548452 0.000000
 2 2 8519 8175 162197748 35084016 214675562.345038 38391602.956438 0.000000
 3 3 9909 9045 174698420 43266016 220851294.662281 40240095.120528 0.000000
 4 4 11367 10103 292503780 27302360 261838518.601349 48108815.650816 0.000000
 11 5 12813 12197 284183428 34344592 231323834.267177 44768119.215955 0.000000
 12 6 7629 7397 103406628 34360976 161010395.249646 31857038.829731 0.000000
 13 7 9760 9952 148811892 42777440 164590105.453039 37221710.749310 0.000000
 14 8 2767 3599 39713124 34306672 76522036.804954 24405979.405168 0.000000
 15 9 2767 3599 38743060 25581976 88166419.837997 21180125.154741 0.000000
 22 10 4173 4973 49861444 43014816 83683185.998788 27561366.633104 0.000000
 23 11 4173 4973 49693428 33569104 96673016.630318 25630316.225711 0.000000
 24 12 4173 4949 48294468 33558160 75331458.712042 27630870.188236 0.000000
 25 13 4173 4949 48226100 24833464 86577084.453859 21849954.612208 0.000000
 26 14 6304 6752 60315444 42253152 95851258.241629 28376248.924568 0.000000
 33 15 6304 6752 59955828 32807440 132661824.116019 26574923.296393 0.000000
 34 16 2759 3575 39605460 34286960 73982678.435563 21615335.923737 0.000000
 35 17 4173 4949 48229972 43003872 94368285.735489 27187598.813638 0.000000
 36 18 2759 3575 40956596 25562264 66983452.615648 17930666.439824 0.000000
 37 19 4173 4949 48671220 33558160 96976630.177275 23997702.418039 0.000000
 44 20 4173 4949 49218340 33558160 85689101.241657 24656507.248301 0.000000
 45 21 6304 6752 61800100 42253152 100952634.342428 28461309.989986 0.000000
 46 22 4173 4949 49218676 24833464 111421953.010335 22356393.366474 0.000000
 47 23 6304 6752 58778692 32807440 136127021.828076 25477853.763738 0.000000
 48 24 4173 4949 49195716 43003872 92119429.696526 26797571.576721 0.000000
 55 25 4173 4949 49273780 33558160 102057767.679413 25591670.406478 0.000000
 56 26 4173 4949 49502132 33558160 107901520.605042 24589136.128490 0.000000
 57 27 4173 4949 48026116 24833464 102034397.029399 24288244.412852 0.000000
 58 28 6304 6752 62939348 42253152 116620777.207358 29056802.859480 0.000000
 59 29 6304 6752 59515940 32807440 143287054.381474 27214866.698701 0.000000
 66 30 6304 6752 64088292 32807440 142213240.685506 23971219.993576 0.000000
 67 31 6304 6752 59656388 24082744 163310897.189517 22126321.171765 0.000000
 68 32 0 1 0 10204220 0.000000 0.000000 0.000000
 69 33 0 1 0 10196436 0.000000 0.000000 0.000000
 70 34 0 1 0 10196436 0.000000 0.000000 0.000000
 77 35 0 1 0 10238436 0.000000 0.000000 0.000000
 78 36 0 1 0 1479524 0.000000 0.000000 0.000000
 79 37 0 1 0 750724 0.000000 0.000000 0.000000
 80 38 0 1 0 750724 0.000000 0.000000 0.000000
 81 39 0 1 0 4 0.000000 0.000000 0.000000
 88 40 0 1 0 10196436 0.000000 0.000000 0.000000
 89 41 0 1 0 9475420 0.000000 0.000000 0.000000
 90 42 0 1 0 10238436 0.000000 0.000000 0.000000
 91 43 0 1 0 9445716 0.000000 0.000000 0.000000
 92 44 0 1 0 750724 0.000000 0.000000 0.000000
 99 45 0 1 0 750724 0.000000 0.000000 0.000000
 100 46 0 1 0 4 0.000000 0.000000 0.000000
 101 47 0 1 0 4 0.000000 0.000000 0.000000
 102 48 0 1 0 10196436 0.000000 0.000000 0.000000
 103 49 0 1 0 10238436 0.000000 0.000000 0.000000
 110 50 0 1 0 9475420 0.000000 0.000000 0.000000
 111 51 0 1 0 9445716 0.000000 0.000000 0.000000
 112 52 0 1 0 750724 0.000000 0.000000 0.000000
 113 53 0 1 0 4 0.000000 0.000000 0.000000
 114 54 0 1 0 750724 0.000000 0.000000 0.000000
 121 55 0 1 0 4 0.000000 0.000000 0.000000
 122 56 0 1 0 10238436 0.000000 0.000000 0.000000
 123 57 0 1 0 9445716 0.000000 0.000000 0.000000
 124 58 0 1 0 9445716 0.000000 0.000000 0.000000
 125 59 0 1 0 9052380 0.000000 0.000000 0.000000
 132 60 0 1 0 4 0.000000 0.000000 0.000000
 133 61 0 1 0 327684 0.000000 0.000000 0.000000
 134 62 0 1 0 327684 0.000000 0.000000 0.000000
 135 63 0 1 0 37224452 0.000000 0.000000 0.000000
 136 64 0 1 0 10223928 0.000000 0.000000 0.000000
 143 65 0 1 0 1499232 0.000000 0.000000 0.000000
 144 66 0 1 0 10207376 0.000000 0.000000 0.000000
 145 67 0 1 0 761664 0.000000 0.000000 0.000000
 146 68 0 1 0 9475416 0.000000 0.000000 0.000000
 147 69 0 1 0 750720 0.000000 0.000000 0.000000
 154 70 0 1 0 9445712 0.000000 0.000000 0.000000
 155 71 0 1 0 0 0.000000 0.000000 0.000000
 156 72 0 1 0 1499232 0.000000 0.000000 0.000000
 157 73 0 1 0 1499232 0.000000 0.000000 0.000000
 158 74 0 1 0 761664 0.000000 0.000000 0.000000
 165 75 0 1 0 761664 0.000000 0.000000 0.000000
 166 76 0 1 0 750720 0.000000 0.000000 0.000000
 167 77 0 1 0 750720 0.000000 0.000000 0.000000
 168 78 0 1 0 0 0.000000 0.000000 0.000000
 169 79 0 1 0 0 0.000000 0.000000 0.000000
 176 80 0 1 0 10196432 0.000000 0.000000 0.000000
 177 81 0 1 0 750720 0.000000 0.000000 0.000000
 178 82 0 1 0 9475416 0.000000 0.000000 0.000000
 179 83 0 1 0 750720 0.000000 0.000000 0.000000
 180 84 0 1 0 9445712 0.000000 0.000000 0.000000
 187 85 0 1 0 0 0.000000 0.000000 0.000000
 188 86 0 1 0 8724696 0.000000 0.000000 0.000000
 189 87 0 1 0 0 0.000000 0.000000 0.000000
 190 88 0 1 0 750720 0.000000 0.000000 0.000000
 191 89 0 1 0 750720 0.000000 0.000000 0.000000
 198 90 0 1 0 750720 0.000000 0.000000 0.000000
 199 91 0 1 0 750720 0.000000 0.000000 0.000000
 200 92 0 1 0 0 0.000000 0.000000 0.000000
 201 93 0 1 0 0 0.000000 0.000000 0.000000
 202 94 0 1 0 0 0.000000 0.000000 0.000000
 209 95 0 1 0 0 0.000000 0.000000 0.000000
 210 96 0 1 0 1471736 0.000000 0.000000 0.000000
 211 97 0 1 0 750720 0.000000 0.000000 0.000000
 212 98 0 1 0 792720 0.000000 0.000000 0.000000
 213 99 0 1 0 0 0.000000 0.000000 0.000000
 220 100 0 1 0 750720 0.000000 0.000000 0.000000
 221 101 0 1 0 750720 0.000000 0.000000 0.000000
 222 102 0 1 0 0 0.000000 0.000000 0.000000
 223 103 0 1 0 0 0.000000 0.000000 0.000000
 224 104 0 1 0 750720 0.000000 0.000000 0.000000
 231 105 0 1 0 750720 0.000000 0.000000 0.000000
 232 106 0 1 0 0 0.000000 0.000000 0.000000
 233 107 0 1 0 0 0.000000 0.000000 0.000000
 234 108 0 1 0 750720 0.000000 0.000000 0.000000
 235 109 0 1 0 750720 0.000000 0.000000 0.000000
 242 110 0 1 0 0 0.000000 0.000000 0.000000
 243 111 0 1 0 0 0.000000 0.000000 0.000000
 244 112 0 1 0 792720 0.000000 0.000000 0.000000
 245 113 0 1 0 0 0.000000 0.000000 0.000000
 246 114 0 1 0 1048696 0.000000 0.000000 0.000000
 253 115 0 1 0 0 0.000000 0.000000 0.000000
 254 116 0 1 0 327680 0.000000 0.000000 0.000000
 255 117 0 1 0 0 0.000000 0.000000 0.000000
 256 118 0 1 0 37224448 0.000000 0.000000 0.000000
 257 119 0 1 0 327680 0.000000 0.000000 0.000000
 264 120 0 1 0 0 0.000000 0.000000 0.000000
 265 121 0 1 0 0 0.000000 0.000000 0.000000
 266 122 0 1 0 0 0.000000 0.000000 0.000000
 267 123 0 1 0 0 0.000000 0.000000 0.000000
 268 124 0 1 0 0 0.000000 0.000000 0.000000
 275 125 0 1 0 0 0.000000 0.000000 0.000000
 276 126 0 1 0 0 0.000000 0.000000 0.000000
 277 127 0 1 0 0 0.000000 0.000000 0.000000
 278 128 0 1 0 1499232 0.000000 0.000000 0.000000
 279 129 0 1 0 1499232 0.000000 0.000000 0.000000
 286 130 0 1 0 761664 0.000000 0.000000 0.000000
 287 131 0 1 0 761664 0.000000 0.000000 0.000000
 288 132 0 1 0 750720 0.000000 0.000000 0.000000
 289 133 0 1 0 750720 0.000000 0.000000 0.000000
 290 134 0 1 0 0 0.000000 0.000000 0.000000
 297 135 0 1 0 0 0.000000 0.000000 0.000000
 298 136 0 1 0 1499232 0.000000 0.000000 0.000000
 299 137 0 1 0 2206176 0.000000 0.000000 0.000000
 300 138 0 1 0 761664 0.000000 0.000000 0.000000
 301 139 0 1 0 1490144 0.000000 0.000000 0.000000
 308 140 0 1 0 750720 0.000000 0.000000 0.000000
 309 141 0 1 0 1479520 0.000000 0.000000 0.000000
 310 142 0 1 0 0 0.000000 0.000000 0.000000
 311 143 0 1 0 750720 0.000000 0.000000 0.000000
 312 144 0 1 0 750720 0.000000 0.000000 0.000000
 319 145 0 1 0 750720 0.000000 0.000000 0.000000
 320 146 0 1 0 750720 0.000000 0.000000 0.000000
 321 147 0 1 0 750720 0.000000 0.000000 0.000000
 322 148 0 1 0 0 0.000000 0.000000 0.000000
 323 149 0 1 0 0 0.000000 0.000000 0.000000
 330 150 0 1 0 0 0.000000 0.000000 0.000000
 331 151 0 1 0 0 0.000000 0.000000 0.000000
 332 152 0 1 0 750720 0.000000 0.000000 0.000000
 333 153 0 1 0 1479520 0.000000 0.000000 0.000000
 334 154 0 1 0 750720 0.000000 0.000000 0.000000
 341 155 0 1 0 1479520 0.000000 0.000000 0.000000
 342 156 0 1 0 0 0.000000 0.000000 0.000000
 343 157 0 1 0 750720 0.000000 0.000000 0.000000
 344 158 0 1 0 0 0.000000 0.000000 0.000000
 345 159 0 1 0 750720 0.000000 0.000000 0.000000
 352 160 0 1 0 750720 0.000000 0.000000 0.000000
 353 161 0 1 0 750720 0.000000 0.000000 0.000000
 354 162 0 1 0 0 0.000000 0.000000 0.000000
 355 163 0 1 0 0 0.000000 0.000000 0.000000
 356 164 0 1 0 750720 0.000000 0.000000 0.000000
 363 165 0 1 0 750720 0.000000 0.000000 0.000000
 364 166 0 1 0 0 0.000000 0.000000 0.000000
 365 167 0 1 0 0 0.000000 0.000000 0.000000
 366 168 0 1 0 750720 0.000000 0.000000 0.000000
 367 169 0 1 0 1479520 0.000000 0.000000 0.000000
 374 170 0 1 0 0 0.000000 0.000000 0.000000
 375 171 0 1 0 750720 0.000000 0.000000 0.000000
 376 172 0 1 0 750720 0.000000 0.000000 0.000000
 377 173 0 1 0 1479520 0.000000 0.000000 0.000000
 378 174 0 1 0 0 0.000000 0.000000 0.000000
 385 175 0 1 0 750720 0.000000 0.000000 0.000000
 386 176 0 1 0 0 0.000000 0.000000 0.000000
 387 177 0 1 0 0 0.000000 0.000000 0.000000
 388 178 0 1 0 0 0.000000 0.000000 0.000000
 389 179 0 1 0 0 0.000000 0.000000 0.000000
 396 180 0 1 0 0 0.000000 0.000000 0.000000
 397 181 0 1 0 0 0.000000 0.000000 0.000000
 398 182 0 1 0 0 0.000000 0.000000 0.000000
 399 183 0 1 0 0 0.000000 0.000000 0.000000
 400 184 0 1 0 0 0.000000 0.000000 0.000000
 407 185 0 1 0 750720 0.000000 0.000000 0.000000
 408 186 0 1 0 0 0.000000 0.000000 0.000000
 409 187 0 1 0 750720 0.000000 0.000000 0.000000
 410 188 0 1 0 0 0.000000 0.000000 0.000000
 411 189 0 1 0 750720 0.000000 0.000000 0.000000
 418 190 0 1 0 0 0.000000 0.000000 0.000000
 419 191 0 1 0 750720 0.000000 0.000000 0.000000
 420 192 0 1 0 10204216 0.000000 0.000000 0.000000
 421 193 0 1 0 10196432 0.000000 0.000000 0.000000
 422 194 0 1 0 1479520 0.000000 0.000000 0.000000
 429 195 0 1 0 750720 0.000000 0.000000 0.000000
 430 196 0 1 0 9475416 0.000000 0.000000 0.000000
 431 197 0 1 0 9445712 0.000000 0.000000 0.000000
 432 198 0 1 0 750720 0.000000 0.000000 0.000000
 433 199 0 1 0 0 0.000000 0.000000 0.000000
 440 200 0 1 0 10196432 0.000000 0.000000 0.000000
 441 201 0 1 0 9475416 0.000000 0.000000 0.000000
 442 202 0 1 0 750720 0.000000 0.000000 0.000000
 443 203 0 1 0 750720 0.000000 0.000000 0.000000
 444 204 0 1 0 9445712 0.000000 0.000000 0.000000
 451 205 0 1 0 8724696 0.000000 0.000000 0.000000
 452 206 0 1 0 0 0.000000 0.000000 0.000000
 453 207 0 1 0 0 0.000000 0.000000 0.000000
 454 208 0 1 0 1479520 0.000000 0.000000 0.000000
 455 209 0 1 0 750720 0.000000 0.000000 0.000000
 462 210 0 1 0 1479520 0.000000 0.000000 0.000000
 463 211 0 1 0 750720 0.000000 0.000000 0.000000
 464 212 0 1 0 750720 0.000000 0.000000 0.000000
 465 213 0 1 0 0 0.000000 0.000000 0.000000
 466 214 0 1 0 750720 0.000000 0.000000 0.000000
 473 215 0 1 0 0 0.000000 0.000000 0.000000
 474 216 0 1 0 750720 0.000000 0.000000 0.000000
 475 217 0 1 0 750720 0.000000 0.000000 0.000000
 476 218 0 1 0 750720 0.000000 0.000000 0.000000
 477 219 0 1 0 750720 0.000000 0.000000 0.000000
 484 220 0 1 0 0 0.000000 0.000000 0.000000
 485 221 0 1 0 0 0.000000 0.000000 0.000000
 486 222 0 1 0 0 0.000000 0.000000 0.000000
 487 223 0 1 0 0 0.000000 0.000000 0.000000
 488 224 0 1 0 1471736 0.000000 0.000000 0.000000
 495 225 0 1 0 792720 0.000000 0.000000 0.000000
 496 226 0 1 0 750720 0.000000 0.000000 0.000000
 497 227 0 1 0 0 0.000000 0.000000 0.000000
 498 228 0 1 0 750720 0.000000 0.000000 0.000000
 499 229 0 1 0 0 0.000000 0.000000 0.000000
 506 230 0 1 0 750720 0.000000 0.000000 0.000000
 507 231 0 1 0 0 0.000000 0.000000 0.000000
 508 232 0 1 0 792720 0.000000 0.000000 0.000000
 509 233 0 1 0 1048696 0.000000 0.000000 0.000000
 510 234 0 1 0 0 0.000000 0.000000 0.000000
 517 235 0 1 0 0 0.000000 0.000000 0.000000
 518 236 0 1 0 327680 0.000000 0.000000 0.000000
 519 237 0 1 0 37224448 0.000000 0.000000 0.000000
 520 238 0 1 0 0 0.000000 0.000000 0.000000
 521 239 0 1 0 327680 0.000000 0.000000 0.000000
 528 240 0 1 0 750720 0.000000 0.000000 0.000000
 529 241 0 1 0 0 0.000000 0.000000 0.000000
 530 242 0 1 0 750720 0.000000 0.000000 0.000000
 531 243 0 1 0 0 0.000000 0.000000 0.000000
 532 244 0 1 0 750720 0.000000 0.000000 0.000000
 539 245 0 1 0 0 0.000000 0.000000 0.000000
 540 246 0 1 0 750720 0.000000 0.000000 0.000000
 541 247 0 1 0 0 0.000000 0.000000 0.000000
 542 248 0 1 0 0 0.000000 0.000000 0.000000
 543 249 0 1 0 0 0.000000 0.000000 0.000000
 550 250 0 1 0 0 0.000000 0.000000 0.000000
 551 251 0 1 0 0 0.000000 0.000000 0.000000
 552 252 0 1 0 0 0.000000 0.000000 0.000000
 553 253 0 1 0 0 0.000000 0.000000 0.000000
 554 254 0 1 0 0 0.000000 0.000000 0.000000
 561 255 0 1 0 0 0.000000 0.000000 0.000000
 562 256 0 1 0 1479520 0.000000 0.000000 0.000000
 563 257 0 1 0 750720 0.000000 0.000000 0.000000
 564 258 0 1 0 1479520 0.000000 0.000000 0.000000
 565 259 0 1 0 750720 0.000000 0.000000 0.000000
 572 260 0 1 0 750720 0.000000 0.000000 0.000000
 573 261 0 1 0 0 0.000000 0.000000 0.000000
 574 262 0 1 0 750720 0.000000 0.000000 0.000000
 575 263 0 1 0 0 0.000000 0.000000 0.000000
 576 264 0 1 0 750720 0.000000 0.000000 0.000000
 583 265 0 1 0 750720 0.000000 0.000000 0.000000
 584 266 0 1 0 750720 0.000000 0.000000 0.000000
 585 267 0 1 0 750720 0.000000 0.000000 0.000000
 586 268 0 1 0 0 0.000000 0.000000 0.000000
 587 269 0 1 0 0 0.000000 0.000000 0.000000
 594 270 0 1 0 0 0.000000 0.000000 0.000000
 595 271 0 1 0 0 0.000000 0.000000 0.000000
 596 272 0 1 0 1479520 0.000000 0.000000 0.000000
 597 273 0 1 0 750720 0.000000 0.000000 0.000000
 598 274 0 1 0 2187040 0.000000 0.000000 0.000000
 605 275 0 1 0 1479520 0.000000 0.000000 0.000000
 606 276 0 1 0 750720 0.000000 0.000000 0.000000
 607 277 0 1 0 0 0.000000 0.000000 0.000000
 608 278 0 1 0 1479520 0.000000 0.000000 0.000000
 609 279 0 1 0 750720 0.000000 0.000000 0.000000
 616 280 0 1 0 750720 0.000000 0.000000 0.000000
 617 281 0 1 0 750720 0.000000 0.000000 0.000000
 618 282 0 1 0 1479520 0.000000 0.000000 0.000000
 619 283 0 1 0 1479520 0.000000 0.000000 0.000000
 620 284 0 1 0 0 0.000000 0.000000 0.000000
 627 285 0 1 0 0 0.000000 0.000000 0.000000
 628 286 0 1 0 750720 0.000000 0.000000 0.000000
 629 287 0 1 0 750720 0.000000 0.000000 0.000000
 630 288 0 1 0 750720 0.000000 0.000000 0.000000
 631 289 0 1 0 0 0.000000 0.000000 0.000000
 638 290 0 1 0 750720 0.000000 0.000000 0.000000
 639 291 0 1 0 0 0.000000 0.000000 0.000000
 640 292 0 1 0 750720 0.000000 0.000000 0.000000
 641 293 0 1 0 0 0.000000 0.000000 0.000000
 642 294 0 1 0 750720 0.000000 0.000000 0.000000
 649 295 0 1 0 0 0.000000 0.000000 0.000000
 650 296 0 1 0 0 0.000000 0.000000 0.000000
 651 297 0 1 0 0 0.000000 0.000000 0.000000
 652 298 0 1 0 0 0.000000 0.000000 0.000000
 653 299 0 1 0 0 0.000000 0.000000 0.000000
 660 300 0 1 0 0 0.000000 0.000000 0.000000
 661 301 0 1 0 0 0.000000 0.000000 0.000000
 662 302 0 1 0 0 0.000000 0.000000 0.000000
 663 303 0 1 0 0 0.000000 0.000000 0.000000
 664 304 0 1 0 750720 0.000000 0.000000 0.000000
 671 305 0 1 0 0 0.000000 0.000000 0.000000
 672 306 0 1 0 1479520 0.000000 0.000000 0.000000
 673 307 0 1 0 750720 0.000000 0.000000 0.000000
 674 308 0 1 0 750720 0.000000 0.000000 0.000000
 675 309 0 1 0 0 0.000000 0.000000 0.000000
 682 310 0 1 0 1479520 0.000000 0.000000 0.000000
 683 311 0 1 0 750720 0.000000 0.000000 0.000000
 684 312 0 1 0 0 0.000000 0.000000 0.000000
 685 313 0 1 0 0 0.000000 0.000000 0.000000
 686 314 0 1 0 750720 0.000000 0.000000 0.000000
 693 315 0 1 0 750720 0.000000 0.000000 0.000000
 694 316 0 1 0 0 0.000000 0.000000 0.000000
 695 317 0 1 0 0 0.000000 0.000000 0.000000
 696 318 0 1 0 750720 0.000000 0.000000 0.000000
 697 319 0 1 0 750720 0.000000 0.000000 0.000000
 704 320 0 1 0 1471736 0.000000 0.000000 0.000000
 705 321 0 1 0 750720 0.000000 0.000000 0.000000
 706 322 0 1 0 750720 0.000000 0.000000 0.000000
 707 323 0 1 0 750720 0.000000 0.000000 0.000000
 708 324 0 1 0 721016 0.000000 0.000000 0.000000
 715 325 0 1 0 0 0.000000 0.000000 0.000000
 716 326 0 1 0 0 0.000000 0.000000 0.000000
 717 327 0 1 0 0 0.000000 0.000000 0.000000
 718 328 0 1 0 750720 0.000000 0.000000 0.000000
 719 329 0 1 0 750720 0.000000 0.000000 0.000000
 726 330 0 1 0 750720 0.000000 0.000000 0.000000
 727 331 0 1 0 750720 0.000000 0.000000 0.000000
 728 332 0 1 0 0 0.000000 0.000000 0.000000
 729 333 0 1 0 0 0.000000 0.000000 0.000000
 730 334 0 1 0 0 0.000000 0.000000 0.000000
 737 335 0 1 0 0 0.000000 0.000000 0.000000
 738 336 0 1 0 750720 0.000000 0.000000 0.000000
 739 337 0 1 0 750720 0.000000 0.000000 0.000000
 740 338 0 1 0 750720 0.000000 0.000000 0.000000
 741 339 0 1 0 750720 0.000000 0.000000 0.000000
 748 340 0 1 0 0 0.000000 0.000000 0.000000
 749 341 0 1 0 0 0.000000 0.000000 0.000000
 750 342 0 1 0 0 0.000000 0.000000 0.000000
 751 343 0 1 0 0 0.000000 0.000000 0.000000
 752 344 0 1 0 750720 0.000000 0.000000 0.000000
 759 345 0 1 0 750720 0.000000 0.000000 0.000000
 760 346 0 1 0 750720 0.000000 0.000000 0.000000
 761 347 0 1 0 750720 0.000000 0.000000 0.000000
 762 348 0 1 0 0 0.000000 0.000000 0.000000
 763 349 0 1 0 0 0.000000 0.000000 0.000000
 770 350 0 1 0 0 0.000000 0.000000 0.000000
 771 351 0 1 0 0 0.000000 0.000000 0.000000
 772 352 0 1 0 399384 0.000000 0.000000 0.000000
 773 353 0 1 0 0 0.000000 0.000000 0.000000
 774 354 0 1 0 0 0.000000 0.000000 0.000000
 781 355 0 1 0 0 0.000000 0.000000 0.000000
 782 356 0 1 0 37224448 0.000000 0.000000 0.000000
 783 357 0 1 0 327680 0.000000 0.000000 0.000000
 784 358 0 1 0 327680 0.000000 0.000000 0.000000
 785 359 0 1 0 0 0.000000 0.000000 0.000000
 792 360 0 1 0 0 0.000000 0.000000 0.000000
 793 361 0 1 0 0 0.000000 0.000000 0.000000
 794 362 0 1 0 0 0.000000 0.000000 0.000000
 795 363 0 1 0 0 0.000000 0.000000 0.000000
 796 364 0 1 0 0 0.000000 0.000000 0.000000
 803 365 0 1 0 0 0.000000 0.000000 0.000000
 804 366 0 1 0 0 0.000000 0.000000 0.000000
 805 367 0 1 0 0 0.000000 0.000000 0.000000
 806 368 0 1 0 0 0.000000 0.000000 0.000000
 807 369 0 1 0 0 0.000000 0.000000 0.000000
 814 370 0 1 0 0 0.000000 0.000000 0.000000
 815 371 0 1 0 0 0.000000 0.000000 0.000000
 816 372 0 1 0 0 0.000000 0.000000 0.000000
 817 373 0 1 0 0 0.000000 0.000000 0.000000
 818 374 0 1 0 0 0.000000 0.000000 0.000000
 825 375 0 1 0 0 0.000000 0.000000 0.000000
 826 376 0 1 0 0 0.000000 0.000000 0.000000
 827 377 0 1 0 0 0.000000 0.000000 0.000000
 828 378 0 1 0 0 0.000000 0.000000 0.000000
 829 379 0 1 0 0 0.000000 0.000000 0.000000
 836 380 0 1 0 0 0.000000 0.000000 0.000000
 837 381 0 1 0 0 0.000000 0.000000 0.000000
 838 382 0 1 0 0 0.000000 0.000000 0.000000
 839 383 0 1 0 0 0.000000 0.000000 0.000000
 840 384 0 1 0 750720 0.000000 0.000000 0.000000
 847 385 0 1 0 750720 0.000000 0.000000 0.000000
 848 386 0 1 0 750720 0.000000 0.000000 0.000000
 849 387 0 1 0 750720 0.000000 0.000000 0.000000
 850 388 0 1 0 0 0.000000 0.000000 0.000000
 851 389 0 1 0 0 0.000000 0.000000 0.000000
 858 390 0 1 0 0 0.000000 0.000000 0.000000
 859 391 0 1 0 0 0.000000 0.000000 0.000000
 860 392 0 1 0 750720 0.000000 0.000000 0.000000
 861 393 0 1 0 1479520 0.000000 0.000000 0.000000
 862 394 0 1 0 750720 0.000000 0.000000 0.000000
 869 395 0 1 0 1479520 0.000000 0.000000 0.000000
 870 396 0 1 0 0 0.000000 0.000000 0.000000
 871 397 0 1 0 750720 0.000000 0.000000 0.000000
 872 398 0 1 0 0 0.000000 0.000000 0.000000
 873 399 0 1 0 750720 0.000000 0.000000 0.000000
 880 400 0 1 0 750720 0.000000 0.000000 0.000000
 881 401 0 1 0 750720 0.000000 0.000000 0.000000
 882 402 0 1 0 750720 0.000000 0.000000 0.000000
 883 403 0 1 0 750720 0.000000 0.000000 0.000000
 884 404 0 1 0 0 0.000000 0.000000 0.000000
 891 405 0 1 0 0 0.000000 0.000000 0.000000
 892 406 0 1 0 0 0.000000 0.000000 0.000000
 893 407 0 1 0 0 0.000000 0.000000 0.000000
 894 408 0 1 0 750720 0.000000 0.000000 0.000000
 895 409 0 1 0 1479520 0.000000 0.000000 0.000000
 902 410 0 1 0 750720 0.000000 0.000000 0.000000
 903 411 0 1 0 1479520 0.000000 0.000000 0.000000
 904 412 0 1 0 0 0.000000 0.000000 0.000000
 905 413 0 1 0 750720 0.000000 0.000000 0.000000
 906 414 0 1 0 0 0.000000 0.000000 0.000000
 913 415 0 1 0 750720 0.000000 0.000000 0.000000
 914 416 0 1 0 0 0.000000 0.000000 0.000000
 915 417 0 1 0 0 0.000000 0.000000 0.000000
 916 418 0 1 0 0 0.000000 0.000000 0.000000
 917 419 0 1 0 0 0.000000 0.000000 0.000000
 924 420 0 1 0 0 0.000000 0.000000 0.000000
 925 421 0 1 0 0 0.000000 0.000000 0.000000
 926 422 0 1 0 0 0.000000 0.000000 0.000000
 927 423 0 1 0 0 0.000000 0.000000 0.000000
 928 424 0 1 0 0 0.000000 0.000000 0.000000
 935 425 0 1 0 750720 0.000000 0.000000 0.000000
 936 426 0 1 0 0 0.000000 0.000000 0.000000
 937 427 0 1 0 750720 0.000000 0.000000 0.000000
 938 428 0 1 0 0 0.000000 0.000000 0.000000
 939 429 0 1 0 750720 0.000000 0.000000 0.000000
 946 430 0 1 0 0 0.000000 0.000000 0.000000
 947 431 0 1 0 750720 0.000000 0.000000 0.000000
 948 432 0 1 0 0 0.000000 0.000000 0.000000
 949 433 0 1 0 0 0.000000 0.000000 0.000000
 950 434 0 1 0 0 0.000000 0.000000 0.000000
 957 435 0 1 0 0 0.000000 0.000000 0.000000
 958 436 0 1 0 0 0.000000 0.000000 0.000000
 959 437 0 1 0 0 0.000000 0.000000 0.000000
 960 438 0 1 0 0 0.000000 0.000000 0.000000
 961 439 0 1 0 0 0.000000 0.000000 0.000000
 968 440 0 1 0 0 0.000000 0.000000 0.000000
 969 441 0 1 0 750720 0.000000 0.000000 0.000000
 970 442 0 1 0 0 0.000000 0.000000 0.000000
 971 443 0 1 0 750720 0.000000 0.000000 0.000000
 972 444 0 1 0 0 0.000000 0.000000 0.000000
 979 445 0 1 0 750720 0.000000 0.000000 0.000000
 980 446 0 1 0 0 0.000000 0.000000 0.000000
 981 447 0 1 0 750720 0.000000 0.000000 0.000000
 982 448 0 1 0 750720 0.000000 0.000000 0.000000
 983 449 0 1 0 750720 0.000000 0.000000 0.000000
 990 450 0 1 0 750720 0.000000 0.000000 0.000000
 991 451 0 1 0 750720 0.000000 0.000000 0.000000
 992 452 0 1 0 0 0.000000 0.000000 0.000000
 993 453 0 1 0 0 0.000000 0.000000 0.000000
 994 454 0 1 0 0 0.000000 0.000000 0.000000
 1001 455 0 1 0 0 0.000000 0.000000 0.000000
 1002 456 0 1 0 750720 0.000000 0.000000 0.000000
 1003 457 0 1 0 750720 0.000000 0.000000 0.000000
 1004 458 0 1 0 750720 0.000000 0.000000 0.000000
 1005 459 0 1 0 750720 0.000000 0.000000 0.000000
 1012 460 0 1 0 0 0.000000 0.000000 0.000000
 1013 461 0 1 0 0 0.000000 0.000000 0.000000
 1014 462 0 1 0 0 0.000000 0.000000 0.000000
 1015 463 0 1 0 0 0.000000 0.000000 0.000000
 1016 464 0 1 0 750720 0.000000 0.000000 0.000000
 1023 465 0 1 0 750720 0.000000 0.000000 0.000000
 1024 466 0 1 0 1479520 0.000000 0.000000 0.000000
 1025 467 0 1 0 1479520 0.000000 0.000000 0.000000
 1026 468 0 1 0 0 0.000000 0.000000 0.000000
 1027 469 0 1 0 0 0.000000 0.000000 0.000000
 1034 470 0 1 0 750720 0.000000 0.000000 0.000000
 1035 471 0 1 0 750720 0.000000 0.000000 0.000000
 1036 472 0 1 0 750720 0.000000 0.000000 0.000000
 1037 473 0 1 0 750720 0.000000 0.000000 0.000000
 1038 474 0 1 0 1479520 0.000000 0.000000 0.000000
 1045 475 0 1 0 1479520 0.000000 0.000000 0.000000
 1046 476 0 1 0 0 0.000000 0.000000 0.000000
 1047 477 0 1 0 0 0.000000 0.000000 0.000000
 1048 478 0 1 0 750720 0.000000 0.000000 0.000000
 1049 479 0 1 0 750720 0.000000 0.000000 0.000000
 1056 480 0 1 0 0 0.000000 0.000000 0.000000
 1057 481 0 1 0 0 0.000000 0.000000 0.000000
 1058 482 0 1 0 0 0.000000 0.000000 0.000000
 1059 483 0 1 0 0 0.000000 0.000000 0.000000
 1060 484 0 1 0 0 0.000000 0.000000 0.000000
 1067 485 0 1 0 0 0.000000 0.000000 0.000000
 1068 486 0 1 0 0 0.000000 0.000000 0.000000
 1069 487 0 1 0 0 0.000000 0.000000 0.000000
 1070 488 0 1 0 0 0.000000 0.000000 0.000000
 1071 489 0 1 0 0 0.000000 0.000000 0.000000
 1078 490 0 1 0 0 0.000000 0.000000 0.000000
 1079 491 0 1 0 0 0.000000 0.000000 0.000000
 1080 492 0 1 0 0 0.000000 0.000000 0.000000
 1081 493 0 1 0 0 0.000000 0.000000 0.000000
 1082 494 0 1 0 0 0.000000 0.000000 0.000000
 1089 495 0 1 0 0 0.000000 0.000000 0.000000
 1090 496 0 1 0 0 0.000000 0.000000 0.000000
 1091 497 0 1 0 0 0.000000 0.000000 0.000000
 1092 498 0 1 0 750720 0.000000 0.000000 0.000000
 1093 499 0 1 0 750720 0.000000 0.000000 0.000000
 1100 500 0 1 0 0 0.000000 0.000000 0.000000
 1101 501 0 1 0 0 0.000000 0.000000 0.000000
 1102 502 0 1 0 750720 0.000000 0.000000 0.000000
 1103 503 0 1 0 750720 0.000000 0.000000 0.000000
 1104 504 0 1 0 0 0.000000 0.000000 0.000000
 1111 505 0 1 0 0 0.000000 0.000000 0.000000
 1112 506 0 1 0 750720 0.000000 0.000000 0.000000
 1113 507 0 1 0 750720 0.000000 0.000000 0.000000
 1114 508 0 1 0 0 0.000000 0.000000 0.000000
 1115 509 0 1 0 0 0.000000 0.000000 0.000000
 1122 510 0 1 0 750720 0.000000 0.000000 0.000000
 1123 511 0 1 0 750720 0.000000 0.000000 0.000000
 1124 512 0 1 0 750720 0.000000 0.000000 0.000000
 1125 513 0 1 0 750720 0.000000 0.000000 0.000000
 1126 514 0 1 0 750720 0.000000 0.000000 0.000000
 1133 515 0 1 0 750720 0.000000 0.000000 0.000000
 1134 516 0 1 0 0 0.000000 0.000000 0.000000
 1135 517 0 1 0 0 0.000000 0.000000 0.000000
 1136 518 0 1 0 0 0.000000 0.000000 0.000000
 1137 519 0 1 0 0 0.000000 0.000000 0.000000
 1144 520 0 1 0 750720 0.000000 0.000000 0.000000
 1145 521 0 1 0 1479520 0.000000 0.000000 0.000000
 1146 522 0 1 0 750720 0.000000 0.000000 0.000000
 1147 523 0 1 0 1479520 0.000000 0.000000 0.000000
 1148 524 0 1 0 0 0.000000 0.000000 0.000000
 1155 525 0 1 0 750720 0.000000 0.000000 0.000000
 1156 526 0 1 0 0 0.000000 0.000000 0.000000
 1157 527 0 1 0 750720 0.000000 0.000000 0.000000
 1158 528 0 1 0 750720 0.000000 0.000000 0.000000
 1159 529 0 1 0 750720 0.000000 0.000000 0.000000
 1166 530 0 1 0 1479520 0.000000 0.000000 0.000000
 1167 531 0 1 0 1479520 0.000000 0.000000 0.000000
 1168 532 0 1 0 0 0.000000 0.000000 0.000000
 1169 533 0 1 0 0 0.000000 0.000000 0.000000
 1170 534 0 1 0 750720 0.000000 0.000000 0.000000
 1177 535 0 1 0 750720 0.000000 0.000000 0.000000
 1178 536 0 1 0 750720 0.000000 0.000000 0.000000
 1179 537 0 1 0 1479520 0.000000 0.000000 0.000000
 1180 538 0 1 0 1479520 0.000000 0.000000 0.000000
 1181 539 0 1 0 2187040 0.000000 0.000000 0.000000
 1188 540 0 1 0 0 0.000000 0.000000 0.000000
 1189 541 0 1 0 750720 0.000000 0.000000 0.000000
 1190 542 0 1 0 750720 0.000000 0.000000 0.000000
 1191 543 0 1 0 1479520 0.000000 0.000000 0.000000
 1192 544 0 1 0 0 0.000000 0.000000 0.000000
 1199 545 0 1 0 0 0.000000 0.000000 0.000000
 1200 546 0 1 0 0 0.000000 0.000000 0.000000
 1201 547 0 1 0 0 0.000000 0.000000 0.000000
 1202 548 0 1 0 0 0.000000 0.000000 0.000000
 1203 549 0 1 0 0 0.000000 0.000000 0.000000
 1210 550 0 1 0 0 0.000000 0.000000 0.000000
 1211 551 0 1 0 0 0.000000 0.000000 0.000000
 1212 552 0 1 0 0 0.000000 0.000000 0.000000
 1213 553 0 1 0 750720 0.000000 0.000000 0.000000
 1214 554 0 1 0 0 0.000000 0.000000 0.000000
 1221 555 0 1 0 750720 0.000000 0.000000 0.000000
 1222 556 0 1 0 0 0.000000 0.000000 0.000000
 1223 557 0 1 0 750720 0.000000 0.000000 0.000000
 1224 558 0 1 0 0 0.000000 0.000000 0.000000
 1225 559 0 1 0 750720 0.000000 0.000000 0.000000
 1232 560 0 1 0 0 0.000000 0.000000 0.000000
 1233 561 0 1 0 0 0.000000 0.000000 0.000000
 1234 562 0 1 0 750720 0.000000 0.000000 0.000000
 1235 563 0 1 0 750720 0.000000 0.000000 0.000000
 1236 564 0 1 0 0 0.000000 0.000000 0.000000
 1243 565 0 1 0 0 0.000000 0.000000 0.000000
 1244 566 0 1 0 750720 0.000000 0.000000 0.000000
 1245 567 0 1 0 750720 0.000000 0.000000 0.000000
 1246 568 0 1 0 0 0.000000 0.000000 0.000000
 1247 569 0 1 0 750720 0.000000 0.000000 0.000000
 1254 570 0 1 0 750720 0.000000 0.000000 0.000000
 1255 571 0 1 0 1479520 0.000000 0.000000 0.000000
 1256 572 0 1 0 0 0.000000 0.000000 0.000000
 1257 573 0 1 0 750720 0.000000 0.000000 0.000000
 1258 574 0 1 0 750720 0.000000 0.000000 0.000000
 1265 575 0 1 0 1479520 0.000000 0.000000 0.000000
 1266 576 0 1 0 1479520 0.000000 0.000000 0.000000
 1267 577 0 1 0 750720 0.000000 0.000000 0.000000
 1268 578 0 1 0 750720 0.000000 0.000000 0.000000
 1269 579 0 1 0 0 0.000000 0.000000 0.000000
 1276 580 0 1 0 1479520 0.000000 0.000000 0.000000
 1277 581 0 1 0 750720 0.000000 0.000000 0.000000
 1278 582 0 1 0 750720 0.000000 0.000000 0.000000
 1279 583 0 1 0 0 0.000000 0.000000 0.000000
 1280 584 0 1 0 750720 0.000000 0.000000 0.000000
 1287 585 0 1 0 750720 0.000000 0.000000 0.000000
 1288 586 0 1 0 0 0.000000 0.000000 0.000000
 1289 587 0 1 0 0 0.000000 0.000000 0.000000
 1290 588 0 1 0 750720 0.000000 0.000000 0.000000
 1291 589 0 1 0 750720 0.000000 0.000000 0.000000
 1298 590 0 1 0 0 0.000000 0.000000 0.000000
 1299 591 0 1 0 0 0.000000 0.000000 0.000000
 1300 592 0 1 0 750720 0.000000 0.000000 0.000000
 1301 593 0 1 0 0 0.000000 0.000000 0.000000
 1302 594 0 1 0 750720 0.000000 0.000000 0.000000
 1309 595 0 1 0 0 0.000000 0.000000 0.000000
 1310 596 0 1 0 750720 0.000000 0.000000 0.000000
 1311 597 0 1 0 0 0.000000 0.000000 0.000000
 1312 598 0 1 0 750720 0.000000 0.000000 0.000000
 1313 599 0 1 0 0 0.000000 0.000000 0.000000
 1320 600 0 1 0 0 0.000000 0.000000 0.000000
 1321 601 0 1 0 0 0.000000 0.000000 0.000000
 1322 602 0 1 0 0 0.000000 0.000000 0.000000
 1323 603 0 1 0 327680 0.000000 0.000000 0.000000
 1324 604 0 1 0 0 0.000000 0.000000 0.000000
 1331 605 0 1 0 0 0.000000 0.000000 0.000000
 1332 606 0 1 0 0 0.000000 0.000000 0.000000
 1333 607 0 1 0 0 0.000000 0.000000 0.000000
 1334 608 0 1 0 1479520 0.000000 0.000000 0.000000
 1335 609 0 1 0 750720 0.000000 0.000000 0.000000
 1342 610 0 1 0 750720 0.000000 0.000000 0.000000
 1343 611 0 1 0 0 0.000000 0.000000 0.000000
 1344 612 0 1 0 1479520 0.000000 0.000000 0.000000
 1345 613 0 1 0 750720 0.000000 0.000000 0.000000
 1346 614 0 1 0 750720 0.000000 0.000000 0.000000
 1353 615 0 1 0 0 0.000000 0.000000 0.000000
 1354 616 0 1 0 750720 0.000000 0.000000 0.000000
 1355 617 0 1 0 750720 0.000000 0.000000 0.000000
 1356 618 0 1 0 0 0.000000 0.000000 0.000000
 1357 619 0 1 0 0 0.000000 0.000000 0.000000
 1364 620 0 1 0 750720 0.000000 0.000000 0.000000
 1365 621 0 1 0 750720 0.000000 0.000000 0.000000
 1366 622 0 1 0 0 0.000000 0.000000 0.000000
 1367 623 0 1 0 0 0.000000 0.000000 0.000000
 1368 624 0 1 0 750720 0.000000 0.000000 0.000000
 1375 625 0 1 0 0 0.000000 0.000000 0.000000
 1376 626 0 1 0 750720 0.000000 0.000000 0.000000
 1377 627 0 1 0 0 0.000000 0.000000 0.000000
 1378 628 0 1 0 750720 0.000000 0.000000 0.000000
 1379 629 0 1 0 0 0.000000 0.000000 0.000000
 1386 630 0 1 0 750720 0.000000 0.000000 0.000000
 1387 631 0 1 0 0 0.000000 0.000000 0.000000
 1388 632 0 1 0 0 0.000000 0.000000 0.000000
 1389 633 0 1 0 0 0.000000 0.000000 0.000000
 1390 634 0 1 0 0 0.000000 0.000000 0.000000
 1397 635 0 1 0 0 0.000000 0.000000 0.000000
 1398 636 0 1 0 0 0.000000 0.000000 0.000000
 1399 637 0 1 0 0 0.000000 0.000000 0.000000
 1400 638 0 1 0 0 0.000000 0.000000 0.000000
 1401 639 0 1 0 0 0.000000 0.000000 0.000000
 1408 640 0 1 0 1479520 0.000000 0.000000 0.000000
 1409 641 0 1 0 750720 0.000000 0.000000 0.000000
 1410 642 0 1 0 750720 0.000000 0.000000 0.000000
 1411 643 0 1 0 0 0.000000 0.000000 0.000000
 1412 644 0 1 0 1479520 0.000000 0.000000 0.000000
 1419 645 0 1 0 750720 0.000000 0.000000 0.000000
 1420 646 0 1 0 750720 0.000000 0.000000 0.000000
 1421 647 0 1 0 0 0.000000 0.000000 0.000000
 1422 648 0 1 0 750720 0.000000 0.000000 0.000000
 1423 649 0 1 0 750720 0.000000 0.000000 0.000000
 1430 650 0 1 0 0 0.000000 0.000000 0.000000
 1431 651 0 1 0 0 0.000000 0.000000 0.000000
 1432 652 0 1 0 750720 0.000000 0.000000 0.000000
 1433 653 0 1 0 750720 0.000000 0.000000 0.000000
 1434 654 0 1 0 0 0.000000 0.000000 0.000000
 1441 655 0 1 0 0 0.000000 0.000000 0.000000
 1442 656 0 1 0 750720 0.000000 0.000000 0.000000
 1443 657 0 1 0 0 0.000000 0.000000 0.000000
 1444 658 0 1 0 750720 0.000000 0.000000 0.000000
 1445 659 0 1 0 0 0.000000 0.000000 0.000000
 1452 660 0 1 0 750720 0.000000 0.000000 0.000000
 1453 661 0 1 0 0 0.000000 0.000000 0.000000
 1454 662 0 1 0 750720 0.000000 0.000000 0.000000
 1455 663 0 1 0 0 0.000000 0.000000 0.000000
 1456 664 0 1 0 0 0.000000 0.000000 0.000000
 1463 665 0 1 0 0 0.000000 0.000000 0.000000
 1464 666 0 1 0 0 0.000000 0.000000 0.000000
 1465 667 0 1 0 0 0.000000 0.000000 0.000000
 1466 668 0 1 0 0 0.000000 0.000000 0.000000
 1467 669 0 1 0 0 0.000000 0.000000 0.000000
 1474 670 0 1 0 0 0.000000 0.000000 0.000000
 1475 671 0 1 0 0 0.000000 0.000000 0.000000
 1476 672 0 1 0 1479520 0.000000 0.000000 0.000000
 1477 673 0 1 0 750720 0.000000 0.000000 0.000000
 1478 674 0 1 0 750720 0.000000 0.000000 0.000000
 1485 675 0 1 0 0 0.000000 0.000000 0.000000
 1486 676 0 1 0 2206176 0.000000 0.000000 0.000000
 1487 677 0 1 0 1499232 0.000000 0.000000 0.000000
 1488 678 0 1 0 1490144 0.000000 0.000000 0.000000
 1489 679 0 1 0 761664 0.000000 0.000000 0.000000
 1496 680 0 1 0 750720 0.000000 0.000000 0.000000
 1497 681 0 1 0 750720 0.000000 0.000000 0.000000
 1498 682 0 1 0 0 0.000000 0.000000 0.000000
 1499 683 0 1 0 0 0.000000 0.000000 0.000000
 1500 684 0 1 0 1499232 0.000000 0.000000 0.000000
 1507 685 0 1 0 1499232 0.000000 0.000000 0.000000
 1508 686 0 1 0 761664 0.000000 0.000000 0.000000
 1509 687 0 1 0 761664 0.000000 0.000000 0.000000
 1510 688 0 1 0 750720 0.000000 0.000000 0.000000
 1511 689 0 1 0 0 0.000000 0.000000 0.000000
 1518 690 0 1 0 750720 0.000000 0.000000 0.000000
 1519 691 0 1 0 0 0.000000 0.000000 0.000000
 1520 692 0 1 0 1479520 0.000000 0.000000 0.000000
 1521 693 0 1 0 750720 0.000000 0.000000 0.000000
 1522 694 0 1 0 1479520 0.000000 0.000000 0.000000
 1529 695 0 1 0 750720 0.000000 0.000000 0.000000
 1530 696 0 1 0 0 0.000000 0.000000 0.000000
 1531 697 0 1 0 0 0.000000 0.000000 0.000000
 1532 698 0 1 0 0 0.000000 0.000000 0.000000
 1533 699 0 1 0 0 0.000000 0.000000 0.000000
 1540 700 0 1 0 750720 0.000000 0.000000 0.000000
 1541 701 0 1 0 750720 0.000000 0.000000 0.000000
 1542 702 0 1 0 750720 0.000000 0.000000 0.000000
 1543 703 0 1 0 750720 0.000000 0.000000 0.000000
 1544 704 0 1 0 750720 0.000000 0.000000 0.000000
 1551 705 0 1 0 750720 0.000000 0.000000 0.000000
 1552 706 0 1 0 0 0.000000 0.000000 0.000000
 1553 707 0 1 0 0 0.000000 0.000000 0.000000
 1554 708 0 1 0 750720 0.000000 0.000000 0.000000
 1555 709 0 1 0 750720 0.000000 0.000000 0.000000
 1562 710 0 1 0 0 0.000000 0.000000 0.000000
 1563 711 0 1 0 0 0.000000 0.000000 0.000000
 1564 712 0 1 0 750720 0.000000 0.000000 0.000000
 1565 713 0 1 0 750720 0.000000 0.000000 0.000000
 1566 714 0 1 0 0 0.000000 0.000000 0.000000
 1573 715 0 1 0 0 0.000000 0.000000 0.000000
 1574 716 0 1 0 750720 0.000000 0.000000 0.000000
 1575 717 0 1 0 750720 0.000000 0.000000 0.000000
 1576 718 0 1 0 0 0.000000 0.000000 0.000000
 1577 719 0 1 0 0 0.000000 0.000000 0.000000
 1584 720 0 1 0 0 0.000000 0.000000 0.000000
 1585 721 0 1 0 0 0.000000 0.000000 0.000000
 1586 722 0 1 0 327680 0.000000 0.000000 0.000000
 1587 723 0 1 0 0 0.000000 0.000000 0.000000
 1588 724 0 1 0 0 0.000000 0.000000 0.000000
 1595 725 0 1 0 0 0.000000 0.000000 0.000000
 1596 726 0 1 0 0 0.000000 0.000000 0.000000
 1597 727 0 1 0 0 0.000000 0.000000 0.000000
 1598 728 0 1 0 0 0.000000 0.000000 0.000000
 1599 729 0 1 0 0 0.000000 0.000000 0.000000
 1606 730 0 1 0 0 0.000000 0.000000 0.000000
 1607 731 0 1 0 0 0.000000 0.000000 0.000000
 1608 732 0 1 0 0 0.000000 0.000000 0.000000
 1609 733 0 1 0 0 0.000000 0.000000 0.000000
 1610 734 0 1 0 0 0.000000 0.000000 0.000000
 1617 735 0 1 0 0 0.000000 0.000000 0.000000
 1618 736 0 1 0 750720 0.000000 0.000000 0.000000
 1619 737 0 1 0 750720 0.000000 0.000000 0.000000
 1620 738 0 1 0 0 0.000000 0.000000 0.000000
 1621 739 0 1 0 0 0.000000 0.000000 0.000000
 1628 740 0 1 0 750720 0.000000 0.000000 0.000000
 1629 741 0 1 0 750720 0.000000 0.000000 0.000000
 1630 742 0 1 0 0 0.000000 0.000000 0.000000
 1631 743 0 1 0 0 0.000000 0.000000 0.000000
 1632 744 0 1 0 750720 0.000000 0.000000 0.000000
 1639 745 0 1 0 750720 0.000000 0.000000 0.000000
 1640 746 0 1 0 0 0.000000 0.000000 0.000000
 1641 747 0 1 0 0 0.000000 0.000000 0.000000
 1642 748 0 1 0 750720 0.000000 0.000000 0.000000
 1643 749 0 1 0 750720 0.000000 0.000000 0.000000
 1650 750 0 1 0 0 0.000000 0.000000 0.000000
 1651 751 0 1 0 0 0.000000 0.000000 0.000000
 1652 752 0 1 0 0 0.000000 0.000000 0.000000
 1653 753 0 1 0 0 0.000000 0.000000 0.000000
 1654 754 0 1 0 0 0.000000 0.000000 0.000000
 1661 755 0 1 0 0 0.000000 0.000000 0.000000
 1662 756 0 1 0 0 0.000000 0.000000 0.000000
 1663 757 0 1 0 0 0.000000 0.000000 0.000000
 1664 758 0 1 0 0 0.000000 0.000000 0.000000
 1665 759 0 1 0 0 0.000000 0.000000 0.000000
 1672 760 0 1 0 0 0.000000 0.000000 0.000000
 1673 761 0 1 0 0 0.000000 0.000000 0.000000
 1674 762 0 1 0 0 0.000000 0.000000 0.000000
 1675 763 0 1 0 0 0.000000 0.000000 0.000000
 1676 764 0 1 0 0 0.000000 0.000000 0.000000
 1683 765 0 1 0 0 0.000000 0.000000 0.000000
 1684 766 0 1 0 0 0.000000 0.000000 0.000000
 1685 767 0 1 0 0 0.000000 0.000000 0.000000
 1686 768 0 1 0 750720 0.000000 0.000000 0.000000
 1687 769 0 1 0 750720 0.000000 0.000000 0.000000
 1694 770 0 1 0 0 0.000000 0.000000 0.000000
 1695 771 0 1 0 0 0.000000 0.000000 0.000000
 1696 772 0 1 0 750720 0.000000 0.000000 0.000000
 1697 773 0 1 0 750720 0.000000 0.000000 0.000000
 1698 774 0 1 0 0 0.000000 0.000000 0.000000
 1705 775 0 1 0 0 0.000000 0.000000 0.000000
 1706 776 0 1 0 750720 0.000000 0.000000 0.000000
 1707 777 0 1 0 1479520 0.000000 0.000000 0.000000
 1708 778 0 1 0 0 0.000000 0.000000 0.000000
 1709 779 0 1 0 750720 0.000000 0.000000 0.000000
 1716 780 0 1 0 750720 0.000000 0.000000 0.000000
 1717 781 0 1 0 1479520 0.000000 0.000000 0.000000
 1718 782 0 1 0 0 0.000000 0.000000 0.000000
 1719 783 0 1 0 750720 0.000000 0.000000 0.000000
 1720 784 0 1 0 0 0.000000 0.000000 0.000000
 1727 785 0 1 0 0 0.000000 0.000000 0.000000
 1728 786 0 1 0 0 0.000000 0.000000 0.000000
 1729 787 0 1 0 0 0.000000 0.000000 0.000000
 1730 788 0 1 0 0 0.000000 0.000000 0.000000
 1731 789 0 1 0 0 0.000000 0.000000 0.000000
 1738 790 0 1 0 0 0.000000 0.000000 0.000000
 1739 791 0 1 0 0 0.000000 0.000000 0.000000
 1740 792 0 1 0 0 0.000000 0.000000 0.000000
 1741 793 0 1 0 750720 0.000000 0.000000 0.000000
 1742 794 0 1 0 0 0.000000 0.000000 0.000000
 1749 795 0 1 0 750720 0.000000 0.000000 0.000000
 1750 796 0 1 0 0 0.000000 0.000000 0.000000
 1751 797 0 1 0 750720 0.000000 0.000000 0.000000
 1752 798 0 1 0 0 0.000000 0.000000 0.000000
 1753 799 0 1 0 750720 0.000000 0.000000 0.000000
 1760 800 0 1 0 750720 0.000000 0.000000 0.000000
 1761 801 0 1 0 750720 0.000000 0.000000 0.000000
 1762 802 0 1 0 0 0.000000 0.000000 0.000000
 1763 803 0 1 0 0 0.000000 0.000000 0.000000
 1764 804 0 1 0 750720 0.000000 0.000000 0.000000
 1771 805 0 1 0 750720 0.000000 0.000000 0.000000
 1772 806 0 1 0 0 0.000000 0.000000 0.000000
 1773 807 0 1 0 0 0.000000 0.000000 0.000000
 1774 808 0 1 0 750720 0.000000 0.000000 0.000000
 1775 809 0 1 0 1479520 0.000000 0.000000 0.000000
 1782 810 0 1 0 0 0.000000 0.000000 0.000000
 1783 811 0 1 0 750720 0.000000 0.000000 0.000000
 1784 812 0 1 0 750720 0.000000 0.000000 0.000000
 1785 813 0 1 0 1479520 0.000000 0.000000 0.000000
 1786 814 0 1 0 0 0.000000 0.000000 0.000000
 1793 815 0 1 0 750720 0.000000 0.000000 0.000000
 1794 816 0 1 0 0 0.000000 0.000000 0.000000
 1795 817 0 1 0 0 0.000000 0.000000 0.000000
 1796 818 0 1 0 0 0.000000 0.000000 0.000000
 1797 819 0 1 0 0 0.000000 0.000000 0.000000
 1804 820 0 1 0 0 0.000000 0.000000 0.000000
 1805 821 0 1 0 0 0.000000 0.000000 0.000000
 1806 822 0 1 0 0 0.000000 0.000000 0.000000
 1807 823 0 1 0 0 0.000000 0.000000 0.000000
 1808 824 0 1 0 0 0.000000 0.000000 0.000000
 1815 825 0 1 0 750720 0.000000 0.000000 0.000000
 1816 826 0 1 0 0 0.000000 0.000000 0.000000
 1817 827 0 1 0 750720 0.000000 0.000000 0.000000
 1818 828 0 1 0 0 0.000000 0.000000 0.000000
 1819 829 0 1 0 750720 0.000000 0.000000 0.000000
 1826 830 0 1 0 0 0.000000 0.000000 0.000000
 1827 831 0 1 0 750720 0.000000 0.000000 0.000000
 1828 832 0 1 0 750720 0.000000 0.000000 0.000000
 1829 833 0 1 0 750720 0.000000 0.000000 0.000000
 1830 834 0 1 0 0 0.000000 0.000000 0.000000
 1837 835 0 1 0 0 0.000000 0.000000 0.000000
 1838 836 0 1 0 750720 0.000000 0.000000 0.000000
 1839 837 0 1 0 750720 0.000000 0.000000 0.000000
 1840 838 0 1 0 0 0.000000 0.000000 0.000000
 1841 839 0 1 0 0 0.000000 0.000000 0.000000
 1848 840 0 1 0 750720 0.000000 0.000000 0.000000
 1849 841 0 1 0 750720 0.000000 0.000000 0.000000
 1850 842 0 1 0 0 0.000000 0.000000 0.000000
 1851 843 0 1 0 0 0.000000 0.000000 0.000000
 1852 844 0 1 0 750720 0.000000 0.000000 0.000000
 1859 845 0 1 0 750720 0.000000 0.000000 0.000000
 1860 846 0 1 0 0 0.000000 0.000000 0.000000
 1861 847 0 1 0 0 0.000000 0.000000 0.000000
 1862 848 0 1 0 0 0.000000 0.000000 0.000000
 1863 849 0 1 0 0 0.000000 0.000000 0.000000
 1870 850 0 1 0 0 0.000000 0.000000 0.000000
 1871 851 0 1 0 0 0.000000 0.000000 0.000000
 1872 852 0 1 0 0 0.000000 0.000000 0.000000
 1873 853 0 1 0 0 0.000000 0.000000 0.000000
 1874 854 0 1 0 0 0.000000 0.000000 0.000000
 1881 855 0 1 0 0 0.000000 0.000000 0.000000
 1882 856 0 1 0 0 0.000000 0.000000 0.000000
 1883 857 0 1 0 0 0.000000 0.000000 0.000000
 1884 858 0 1 0 0 0.000000 0.000000 0.000000
 1885 859 0 1 0 0 0.000000 0.000000 0.000000
 1892 860 0 1 0 0 0.000000 0.000000 0.000000
 1893 861 0 1 0 0 0.000000 0.000000 0.000000
 1894 862 0 1 0 0 0.000000 0.000000 0.000000
 1895 863 0 1 0 0 0.000000 0.000000 0.000000
 1896 864 0 1 0 750720 0.000000 0.000000 0.000000
 1903 865 0 1 0 750720 0.000000 0.000000 0.000000
 1904 866 0 1 0 0 0.000000 0.000000 0.000000
 1905 867 0 1 0 0 0.000000 0.000000 0.000000
 1906 868 0 1 0 1499232 0.000000 0.000000 0.000000
 1907 869 0 1 0 1499232 0.000000 0.000000 0.000000
 1914 870 0 1 0 761664 0.000000 0.000000 0.000000
 1915 871 0 1 0 761664 0.000000 0.000000 0.000000
 1916 872 0 1 0 750720 0.000000 0.000000 0.000000
 1917 873 0 1 0 750720 0.000000 0.000000 0.000000
 1918 874 0 1 0 0 0.000000 0.000000 0.000000
 1925 875 0 1 0 0 0.000000 0.000000 0.000000
 1926 876 0 1 0 1499232 0.000000 0.000000 0.000000
 1927 877 0 1 0 1499232 0.000000 0.000000 0.000000
 1928 878 0 1 0 761664 0.000000 0.000000 0.000000
 1929 879 0 1 0 761664 0.000000 0.000000 0.000000
 1936 880 0 1 0 0 0.000000 0.000000 0.000000
 1937 881 0 1 0 0 0.000000 0.000000 0.000000
 1938 882 0 1 0 0 0.000000 0.000000 0.000000
 1939 883 0 1 0 0 0.000000 0.000000 0.000000
 1940 884 0 1 0 750720 0.000000 0.000000 0.000000
 1947 885 0 1 0 750720 0.000000 0.000000 0.000000
 1948 886 0 1 0 750720 0.000000 0.000000 0.000000
 1949 887 0 1 0 750720 0.000000 0.000000 0.000000
 1950 888 0 1 0 0 0.000000 0.000000 0.000000
 1951 889 0 1 0 0 0.000000 0.000000 0.000000
 1958 890 0 1 0 0 0.000000 0.000000 0.000000
 1959 891 0 1 0 0 0.000000 0.000000 0.000000
 1960 892 0 1 0 750720 0.000000 0.000000 0.000000
 1961 893 0 1 0 750720 0.000000 0.000000 0.000000
 1962 894 0 1 0 750720 0.000000 0.000000 0.000000
 1969 895 0 1 0 750720 0.000000 0.000000 0.000000
 1970 896 0 1 0 750720 0.000000 0.000000 0.000000
 1971 897 0 1 0 750720 0.000000 0.000000 0.000000
 1972 898 0 1 0 0 0.000000 0.000000 0.000000
 1973 899 0 1 0 0 0.000000 0.000000 0.000000
 1980 900 0 1 0 750720 0.000000 0.000000 0.000000
 1981 901 0 1 0 750720 0.000000 0.000000 0.000000
 1982 902 0 1 0 0 0.000000 0.000000 0.000000
 1983 903 0 1 0 0 0.000000 0.000000 0.000000
 1984 904 0 1 0 750720 0.000000 0.000000 0.000000
 1991 905 0 1 0 1479520 0.000000 0.000000 0.000000
 1992 906 0 1 0 0 0.000000 0.000000 0.000000
 1993 907 0 1 0 750720 0.000000 0.000000 0.000000
 1994 908 0 1 0 750720 0.000000 0.000000 0.000000
 1995 909 0 1 0 1479520 0.000000 0.000000 0.000000
 2002 910 0 1 0 0 0.000000 0.000000 0.000000
 2003 911 0 1 0 750720 0.000000 0.000000 0.000000
 2004 912 0 1 0 0 0.000000 0.000000 0.000000
 2005 913 0 1 0 0 0.000000 0.000000 0.000000
 2006 914 0 1 0 0 0.000000 0.000000 0.000000
 2013 915 0 1 0 0 0.000000 0.000000 0.000000
 2014 916 0 1 0 0 0.000000 0.000000 0.000000
 2015 917 0 1 0 0 0.000000 0.000000 0.000000
 2016 918 0 1 0 0 0.000000 0.000000 0.000000
 2017 919 0 1 0 0 0.000000 0.000000 0.000000
 2024 920 0 1 0 0 0.000000 0.000000 0.000000
 2025 921 0 1 0 750720 0.000000 0.000000 0.000000
 2026 922 0 1 0 0 0.000000 0.000000 0.000000
 2027 923 0 1 0 750720 0.000000 0.000000 0.000000
 2028 924 0 1 0 0 0.000000 0.000000 0.000000
 2035 925 0 1 0 750720 0.000000 0.000000 0.000000
 2036 926 0 1 0 0 0.000000 0.000000 0.000000
 2037 927 0 1 0 750720 0.000000 0.000000 0.000000
 2038 928 0 1 0 750720 0.000000 0.000000 0.000000
 2039 929 0 1 0 750720 0.000000 0.000000 0.000000
 2046 930 0 1 0 0 0.000000 0.000000 0.000000
 2047 931 0 1 0 0 0.000000 0.000000 0.000000
 2048 932 0 1 0 1499232 0.000000 0.000000 0.000000
 2049 933 0 1 0 1499232 0.000000 0.000000 0.000000
 2050 934 0 1 0 761664 0.000000 0.000000 0.000000
 2057 935 0 1 0 761664 0.000000 0.000000 0.000000
 2058 936 0 1 0 750720 0.000000 0.000000 0.000000
 2059 937 0 1 0 1479520 0.000000 0.000000 0.000000
 2060 938 0 1 0 0 0.000000 0.000000 0.000000
 2061 939 0 1 0 750720 0.000000 0.000000 0.000000
 2068 940 0 1 0 1499232 0.000000 0.000000 0.000000
 2069 941 0 1 0 2206176 0.000000 0.000000 0.000000
 2070 942 0 1 0 761664 0.000000 0.000000 0.000000
 2071 943 0 1 0 1490144 0.000000 0.000000 0.000000
 2072 944 0 1 0 0 0.000000 0.000000 0.000000
 2079 945 0 1 0 0 0.000000 0.000000 0.000000
 2080 946 0 1 0 0 0.000000 0.000000 0.000000
 2081 947 0 1 0 0 0.000000 0.000000 0.000000
 2082 948 0 1 0 750720 0.000000 0.000000 0.000000
 2083 949 0 1 0 750720 0.000000 0.000000 0.000000
 2090 950 0 1 0 750720 0.000000 0.000000 0.000000
 2091 951 0 1 0 750720 0.000000 0.000000 0.000000
 2092 952 0 1 0 0 0.000000 0.000000 0.000000
 2093 953 0 1 0 750720 0.000000 0.000000 0.000000
 2094 954 0 1 0 0 0.000000 0.000000 0.000000
 2101 955 0 1 0 750720 0.000000 0.000000 0.000000
 2102 956 0 1 0 750720 0.000000 0.000000 0.000000
 2103 957 0 1 0 1479520 0.000000 0.000000 0.000000
 2104 958 0 1 0 750720 0.000000 0.000000 0.000000
 2105 959 0 1 0 1479520 0.000000 0.000000 0.000000
 2112 960 0 1 0 750720 0.000000 0.000000 0.000000
 2113 961 0 1 0 0 0.000000 0.000000 0.000000
 2114 962 0 1 0 750720 0.000000 0.000000 0.000000
 2115 963 0 1 0 0 0.000000 0.000000 0.000000
 2116 964 0 1 0 750720 0.000000 0.000000 0.000000
 2123 965 0 1 0 0 0.000000 0.000000 0.000000
 2124 966 0 1 0 750720 0.000000 0.000000 0.000000
 2125 967 0 1 0 0 0.000000 0.000000 0.000000
 2126 968 0 1 0 0 0.000000 0.000000 0.000000
 2127 969 0 1 0 327680 0.000000 0.000000 0.000000
 2134 970 0 1 0 0 0.000000 0.000000 0.000000
 2135 971 0 1 0 0 0.000000 0.000000 0.000000
 2136 972 0 1 0 0 0.000000 0.000000 0.000000
 2137 973 0 1 0 0 0.000000 0.000000 0.000000
 2138 974 0 1 0 0 0.000000 0.000000 0.000000
 2145 975 0 1 0 0 0.000000 0.000000 0.000000
 2146 976 0 1 0 750720 0.000000 0.000000 0.000000
 2147 977 0 1 0 0 0.000000 0.000000 0.000000
 2148 978 0 1 0 750720 0.000000 0.000000 0.000000
 2149 979 0 1 0 0 0.000000 0.000000 0.000000
 2156 980 0 1 0 750720 0.000000 0.000000 0.000000
 2157 981 0 1 0 0 0.000000 0.000000 0.000000
 2158 982 0 1 0 750720 0.000000 0.000000 0.000000
 2159 983 0 1 0 0 0.000000 0.000000 0.000000
 2160 984 0 1 0 0 0.000000 0.000000 0.000000
 2167 985 0 1 0 0 0.000000 0.000000 0.000000
 2168 986 0 1 0 0 0.000000 0.000000 0.000000
 2169 987 0 1 0 0 0.000000 0.000000 0.000000
 2170 988 0 1 0 0 0.000000 0.000000 0.000000
 2171 989 0 1 0 0 0.000000 0.000000 0.000000
 2178 990 0 1 0 0 0.000000 0.000000 0.000000
 2179 991 0 1 0 0 0.000000 0.000000 0.000000
 2180 992 0 1 0 750720 0.000000 0.000000 0.000000
 2181 993 0 1 0 0 0.000000 0.000000 0.000000
 2182 994 0 1 0 750720 0.000000 0.000000 0.000000
 2189 995 0 1 0 0 0.000000 0.000000 0.000000
 2190 996 0 1 0 750720 0.000000 0.000000 0.000000
 2191 997 0 1 0 0 0.000000 0.000000 0.000000
 2192 998 0 1 0 750720 0.000000 0.000000 0.000000
 2193 999 0 1 0 0 0.000000 0.000000 0.000000
 2200 1000 0 1 0 0 0.000000 0.000000 0.000000
 2201 1001 0 1 0 0 0.000000 0.000000 0.000000
 2202 1002 0 1 0 0 0.000000 0.000000 0.000000
 2203 1003 0 1 0 0 0.000000 0.000000 0.000000
 2204 1004 0 1 0 0 0.000000 0.000000 0.000000
 2211 1005 0 1 0 0 0.000000 0.000000 0.000000
 2212 1006 0 1 0 0 0.000000 0.000000 0.000000
 2213 1007 0 1 0 0 0.000000 0.000000 0.000000
 2214 1008 0 1 0 750720 0.000000 0.000000 0.000000
 2215 1009 0 1 0 0 0.000000 0.000000 0.000000
 2222 1010 0 1 0 750720 0.000000 0.000000 0.000000
 2223 1011 0 1 0 0 0.000000 0.000000 0.000000
 2224 1012 0 1 0 750720 0.000000 0.000000 0.000000
 2225 1013 0 1 0 0 0.000000 0.000000 0.000000
 2226 1014 0 1 0 750720 0.000000 0.000000 0.000000
 2233 1015 0 1 0 0 0.000000 0.000000 0.000000
 2234 1016 0 1 0 0 0.000000 0.000000 0.000000
 2235 1017 0 1 0 0 0.000000 0.000000 0.000000
 2236 1018 0 1 0 0 0.000000 0.000000 0.000000
 2237 1019 0 1 0 0 0.000000 0.000000 0.000000
 2244 1020 0 1 0 0 0.000000 0.000000 0.000000
 2245 1021 0 1 0 0 0.000000 0.000000 0.000000
 2246 1022 0 1 0 0 0.000000 0.000000 0.000000
 2247 1023 0 1 0 0 0.000000 0.000000 0.000000
 2248 1024 0 1 0 750720 0.000000 0.000000 0.000000
 2255 1025 0 1 0 0 0.000000 0.000000 0.000000
 2256 1026 0 1 0 750720 0.000000 0.000000 0.000000
 2257 1027 0 1 0 0 0.000000 0.000000 0.000000
 2258 1028 0 1 0 750720 0.000000 0.000000 0.000000
 2259 1029 0 1 0 0 0.000000 0.000000 0.000000
 2266 1030 0 1 0 750720 0.000000 0.000000 0.000000
 2267 1031 0 1 0 0 0.000000 0.000000 0.000000
 2268 1032 0 1 0 0 0.000000 0.000000 0.000000
 2269 1033 0 1 0 0 0.000000 0.000000 0.000000
 2270 1034 0 1 0 0 0.000000 0.000000 0.000000
 2277 1035 0 1 0 0 0.000000 0.000000 0.000000
 2278 1036 0 1 0 0 0.000000 0.000000 0.000000
 2279 1037 0 1 0 0 0.000000 0.000000 0.000000
 2280 1038 0 1 0 0 0.000000 0.000000 0.000000
 2281 1039 0 1 0 0 0.000000 0.000000 0.000000
 2288 1040 0 1 0 750720 0.000000 0.000000 0.000000
 2289 1041 0 1 0 0 0.000000 0.000000 0.000000
 2290 1042 0 1 0 1479520 0.000000 0.000000 0.000000
 2291 1043 0 1 0 750720 0.000000 0.000000 0.000000
 2292 1044 0 1 0 750720 0.000000 0.000000 0.000000
 2299 1045 0 1 0 0 0.000000 0.000000 0.000000
 2300 1046 0 1 0 1479520 0.000000 0.000000 0.000000
 2301 1047 0 1 0 750720 0.000000 0.000000 0.000000
 2302 1048 0 1 0 0 0.000000 0.000000 0.000000
 2303 1049 0 1 0 0 0.000000 0.000000 0.000000
 2310 1050 0 1 0 750720 0.000000 0.000000 0.000000
 2311 1051 0 1 0 750720 0.000000 0.000000 0.000000
 2312 1052 0 1 0 0 0.000000 0.000000 0.000000
 2313 1053 0 1 0 0 0.000000 0.000000 0.000000
 2314 1054 0 1 0 750720 0.000000 0.000000 0.000000
 2321 1055 0 1 0 750720 0.000000 0.000000 0.000000
 2322 1056 0 1 0 750720 0.000000 0.000000 0.000000
 2323 1057 0 1 0 0 0.000000 0.000000 0.000000
 2324 1058 0 1 0 750720 0.000000 0.000000 0.000000
 2325 1059 0 1 0 0 0.000000 0.000000 0.000000
 2332 1060 0 1 0 750720 0.000000 0.000000 0.000000
 2333 1061 0 1 0 0 0.000000 0.000000 0.000000
 2334 1062 0 1 0 750720 0.000000 0.000000 0.000000
 2335 1063 0 1 0 0 0.000000 0.000000 0.000000
 2336 1064 0 1 0 0 0.000000 0.000000 0.000000
 2343 1065 0 1 0 0 0.000000 0.000000 0.000000
 2344 1066 0 1 0 0 0.000000 0.000000 0.000000
 2345 1067 0 1 0 0 0.000000 0.000000 0.000000
 2346 1068 0 1 0 0 0.000000 0.000000 0.000000
 2347 1069 0 1 0 0 0.000000 0.000000 0.000000
 2354 1070 0 1 0 0 0.000000 0.000000 0.000000
 2355 1071 0 1 0 0 0.000000 0.000000 0.000000
 2356 1072 0 1 0 750720 0.000000 0.000000 0.000000
 2357 1073 0 1 0 0 0.000000 0.000000 0.000000
 2358 1074 0 1 0 1479520 0.000000 0.000000 0.000000
 2365 1075 0 1 0 750720 0.000000 0.000000 0.000000
 2366 1076 0 1 0 750720 0.000000 0.000000 0.000000
 2367 1077 0 1 0 0 0.000000 0.000000 0.000000
 2368 1078 0 1 0 1479520 0.000000 0.000000 0.000000
 2369 1079 0 1 0 750720 0.000000 0.000000 0.000000
 2376 1080 0 1 0 0 0.000000 0.000000 0.000000
 2377 1081 0 1 0 0 0.000000 0.000000 0.000000
 2378 1082 0 1 0 750720 0.000000 0.000000 0.000000
 2379 1083 0 1 0 750720 0.000000 0.000000 0.000000
 2380 1084 0 1 0 0 0.000000 0.000000 0.000000
 2387 1085 0 1 0 0 0.000000 0.000000 0.000000
 2388 1086 0 1 0 750720 0.000000 0.000000 0.000000
 2389 1087 0 1 0 750720 0.000000 0.000000 0.000000
 2390 1088 0 1 0 750720 0.000000 0.000000 0.000000
 2391 1089 0 1 0 0 0.000000 0.000000 0.000000
 2398 1090 0 1 0 750720 0.000000 0.000000 0.000000
 2399 1091 0 1 0 0 0.000000 0.000000 0.000000
 2400 1092 0 1 0 750720 0.000000 0.000000 0.000000
 2401 1093 0 1 0 0 0.000000 0.000000 0.000000
 2402 1094 0 1 0 750720 0.000000 0.000000 0.000000
 2409 1095 0 1 0 0 0.000000 0.000000 0.000000
 2410 1096 0 1 0 0 0.000000 0.000000 0.000000
 2411 1097 0 1 0 0 0.000000 0.000000 0.000000
 2412 1098 0 1 0 0 0.000000 0.000000 0.000000
 2413 1099 0 1 0 0 0.000000 0.000000 0.000000
 2420 1100 0 1 0 0 0.000000 0.000000 0.000000
 2421 1101 0 1 0 0 0.000000 0.000000 0.000000
 2422 1102 0 1 0 0 0.000000 0.000000 0.000000
 2423 1103 0 1 0 0 0.000000 0.000000 0.000000
 2424 1104 0 1 0 750720 0.000000 0.000000 0.000000
 2431 1105 0 1 0 0 0.000000 0.000000 0.000000
 2432 1106 0 1 0 750720 0.000000 0.000000 0.000000
 2433 1107 0 1 0 0 0.000000 0.000000 0.000000
 2434 1108 0 1 0 750720 0.000000 0.000000 0.000000
 2435 1109 0 1 0 0 0.000000 0.000000 0.000000
 2442 1110 0 1 0 750720 0.000000 0.000000 0.000000
 2443 1111 0 1 0 0 0.000000 0.000000 0.000000
 2444 1112 0 1 0 0 0.000000 0.000000 0.000000
 2445 1113 0 1 0 0 0.000000 0.000000 0.000000
 2446 1114 0 1 0 0 0.000000 0.000000 0.000000
 2453 1115 0 1 0 0 0.000000 0.000000 0.000000
 2454 1116 0 1 0 0 0.000000 0.000000 0.000000
 2455 1117 0 1 0 0 0.000000 0.000000 0.000000
 2456 1118 0 1 0 0 0.000000 0.000000 0.000000
 2457 1119 0 1 0 0 0.000000 0.000000 0.000000
 2464 1120 0 1 0 750720 0.000000 0.000000 0.000000
 2465 1121 0 1 0 0 0.000000 0.000000 0.000000
 2466 1122 0 1 0 750720 0.000000 0.000000 0.000000
 2467 1123 0 1 0 0 0.000000 0.000000 0.000000
 2468 1124 0 1 0 1479520 0.000000 0.000000 0.000000
 2475 1125 0 1 0 750720 0.000000 0.000000 0.000000
 2476 1126 0 1 0 1479520 0.000000 0.000000 0.000000
 2477 1127 0 1 0 750720 0.000000 0.000000 0.000000
 2478 1128 0 1 0 0 0.000000 0.000000 0.000000
 2479 1129 0 1 0 0 0.000000 0.000000 0.000000
 2486 1130 0 1 0 0 0.000000 0.000000 0.000000
 2487 1131 0 1 0 0 0.000000 0.000000 0.000000
 2488 1132 0 1 0 750720 0.000000 0.000000 0.000000
 2489 1133 0 1 0 750720 0.000000 0.000000 0.000000
 2490 1134 0 1 0 750720 0.000000 0.000000 0.000000
 2497 1135 0 1 0 750720 0.000000 0.000000 0.000000
 2498 1136 0 1 0 750720 0.000000 0.000000 0.000000
 2499 1137 0 1 0 0 0.000000 0.000000 0.000000
 2500 1138 0 1 0 750720 0.000000 0.000000 0.000000
 2501 1139 0 1 0 0 0.000000 0.000000 0.000000
 2508 1140 0 1 0 1479520 0.000000 0.000000 0.000000
 2509 1141 0 1 0 750720 0.000000 0.000000 0.000000
 2510 1142 0 1 0 1479520 0.000000 0.000000 0.000000
 2511 1143 0 1 0 750720 0.000000 0.000000 0.000000
 2512 1144 0 1 0 0 0.000000 0.000000 0.000000
 2519 1145 0 1 0 0 0.000000 0.000000 0.000000
 2520 1146 0 1 0 0 0.000000 0.000000 0.000000
 2521 1147 0 1 0 0 0.000000 0.000000 0.000000
 2522 1148 0 1 0 750720 0.000000 0.000000 0.000000
 2523 1149 0 1 0 750720 0.000000 0.000000 0.000000
 2530 1150 0 1 0 750720 0.000000 0.000000 0.000000
 2531 1151 0 1 0 750720 0.000000 0.000000 0.000000
 2532 1152 0 1 0 750720 0.000000 0.000000 0.000000
 2533 1153 0 1 0 0 0.000000 0.000000 0.000000
 2534 1154 0 1 0 750720 0.000000 0.000000 0.000000
 2541 1155 0 1 0 0 0.000000 0.000000 0.000000
 2542 1156 0 1 0 750720 0.000000 0.000000 0.000000
 2543 1157 0 1 0 0 0.000000 0.000000 0.000000
 2544 1158 0 1 0 750720 0.000000 0.000000 0.000000
 2545 1159 0 1 0 0 0.000000 0.000000 0.000000
 2552 1160 0 1 0 0 0.000000 0.000000 0.000000
 2553 1161 0 1 0 0 0.000000 0.000000 0.000000
 2554 1162 0 1 0 0 0.000000 0.000000 0.000000
 2555 1163 0 1 0 0 0.000000 0.000000 0.000000
 2556 1164 0 1 0 0 0.000000 0.000000 0.000000
 2563 1165 0 1 0 0 0.000000 0.000000 0.000000
 2564 1166 0 1 0 0 0.000000 0.000000 0.000000
 2565 1167 0 1 0 0 0.000000 0.000000 0.000000
 2566 1168 0 1 0 750720 0.000000 0.000000 0.000000
 2567 1169 0 1 0 0 0.000000 0.000000 0.000000
 2574 1170 0 1 0 1479520 0.000000 0.000000 0.000000
 2575 1171 0 1 0 750720 0.000000 0.000000 0.000000
 2576 1172 0 1 0 750720 0.000000 0.000000 0.000000
 2577 1173 0 1 0 0 0.000000 0.000000 0.000000
 2578 1174 0 1 0 1479520 0.000000 0.000000 0.000000
 2585 1175 0 1 0 750720 0.000000 0.000000 0.000000
 2586 1176 0 1 0 0 0.000000 0.000000 0.000000
 2587 1177 0 1 0 0 0.000000 0.000000 0.000000
 2588 1178 0 1 0 750720 0.000000 0.000000 0.000000
 2589 1179 0 1 0 750720 0.000000 0.000000 0.000000
 2596 1180 0 1 0 0 0.000000 0.000000 0.000000
 2597 1181 0 1 0 0 0.000000 0.000000 0.000000
 2598 1182 0 1 0 750720 0.000000 0.000000 0.000000
 2599 1183 0 1 0 750720 0.000000 0.000000 0.000000
 2600 1184 0 1 0 750720 0.000000 0.000000 0.000000
 2607 1185 0 1 0 0 0.000000 0.000000 0.000000
 2608 1186 0 1 0 750720 0.000000 0.000000 0.000000
 2609 1187 0 1 0 0 0.000000 0.000000 0.000000
 2610 1188 0 1 0 1479520 0.000000 0.000000 0.000000
 2611 1189 0 1 0 750720 0.000000 0.000000 0.000000
 2618 1190 0 1 0 1479520 0.000000 0.000000 0.000000
 2619 1191 0 1 0 750720 0.000000 0.000000 0.000000
 2620 1192 0 1 0 0 0.000000 0.000000 0.000000
 2621 1193 0 1 0 0 0.000000 0.000000 0.000000
 2622 1194 0 1 0 0 0.000000 0.000000 0.000000
 2629 1195 0 1 0 0 0.000000 0.000000 0.000000
 2630 1196 0 1 0 750720 0.000000 0.000000 0.000000
 2631 1197 0 1 0 750720 0.000000 0.000000 0.000000
 2632 1198 0 1 0 750720 0.000000 0.000000 0.000000
 2633 1199 0 1 0 750720 0.000000 0.000000 0.000000
 2640 1200 0 1 0 750720 0.000000 0.000000 0.000000
 2641 1201 0 1 0 0 0.000000 0.000000 0.000000
 2642 1202 0 1 0 1479520 0.000000 0.000000 0.000000
 2643 1203 0 1 0 750720 0.000000 0.000000 0.000000
 2644 1204 0 1 0 1479520 0.000000 0.000000 0.000000
 2651 1205 0 1 0 750720 0.000000 0.000000 0.000000
 2652 1206 0 1 0 2187040 0.000000 0.000000 0.000000
 2653 1207 0 1 0 1479520 0.000000 0.000000 0.000000
 2654 1208 0 1 0 0 0.000000 0.000000 0.000000
 2655 1209 0 1 0 0 0.000000 0.000000 0.000000
 2662 1210 0 1 0 750720 0.000000 0.000000 0.000000
 2663 1211 0 1 0 750720 0.000000 0.000000 0.000000
 2664 1212 0 1 0 750720 0.000000 0.000000 0.000000
 2665 1213 0 1 0 750720 0.000000 0.000000 0.000000
 2666 1214 0 1 0 1479520 0.000000 0.000000 0.000000
 2673 1215 0 1 0 1479520 0.000000 0.000000 0.000000
 2674 1216 0 1 0 327680 0.000000 0.000000 0.000000
 2675 1217 0 1 0 0 0.000000 0.000000 0.000000
 2676 1218 0 1 0 0 0.000000 0.000000 0.000000
 2677 1219 0 1 0 0 0.000000 0.000000 0.000000
 2684 1220 0 1 0 0 0.000000 0.000000 0.000000
 2685 1221 0 1 0 0 0.000000 0.000000 0.000000
 2686 1222 0 1 0 0 0.000000 0.000000 0.000000
 2687 1223 0 1 0 0 0.000000 0.000000 0.000000
 2688 1224 0 1 0 0 0.000000 0.000000 0.000000
 2695 1225 0 1 0 0 0.000000 0.000000 0.000000
 2696 1226 0 1 0 0 0.000000 0.000000 0.000000
 2697 1227 0 1 0 0 0.000000 0.000000 0.000000
 2698 1228 0 1 0 0 0.000000 0.000000 0.000000
 2699 1229 0 1 0 0 0.000000 0.000000 0.000000
 2706 1230 0 1 0 0 0.000000 0.000000 0.000000
 2707 1231 0 1 0 0 0.000000 0.000000 0.000000
 2708 1232 0 1 0 0 0.000000 0.000000 0.000000
 2709 1233 0 1 0 0 0.000000 0.000000 0.000000
 2710 1234 0 1 0 0 0.000000 0.000000 0.000000
 2717 1235 0 1 0 0 0.000000 0.000000 0.000000
 2718 1236 0 1 0 0 0.000000 0.000000 0.000000
 2719 1237 0 1 0 0 0.000000 0.000000 0.000000
 2720 1238 0 1 0 0 0.000000 0.000000 0.000000
 2721 1239 0 1 0 0 0.000000 0.000000 0.000000
 2728 1240 0 1 0 0 0.000000 0.000000 0.000000
 2729 1241 0 1 0 0 0.000000 0.000000 0.000000
 2730 1242 0 1 0 0 0.000000 0.000000 0.000000
 2731 1243 0 1 0 0 0.000000 0.000000 0.000000
 2732 1244 0 1 0 0 0.000000 0.000000 0.000000
 2739 1245 0 1 0 0 0.000000 0.000000 0.000000
 2740 1246 0 1 0 0 0.000000 0.000000 0.000000
 2741 1247 0 1 0 0 0.000000 0.000000 0.000000
 2742 1248 0 1 0 0 0.000000 0.000000 0.000000
 2743 1249 0 1 0 0 0.000000 0.000000 0.000000
 2750 1250 0 1 0 0 0.000000 0.000000 0.000000
 2751 1251 0 1 0 0 0.000000 0.000000 0.000000
 2752 1252 0 1 0 0 0.000000 0.000000 0.000000
 2753 1253 0 1 0 0 0.000000 0.000000 0.000000
 2754 1254 0 1 0 0 0.000000 0.000000 0.000000
 2761 1255 0 1 0 0 0.000000 0.000000 0.000000
 2762 1256 0 1 0 0 0.000000 0.000000 0.000000
 2763 1257 0 1 0 0 0.000000 0.000000 0.000000
 2764 1258 0 1 0 0 0.000000 0.000000 0.000000
 2765 1259 0 1 0 0 0.000000 0.000000 0.000000
 2772 1260 0 1 0 0 0.000000 0.000000 0.000000
 2773 1261 0 1 0 0 0.000000 0.000000 0.000000
 2774 1262 0 1 0 0 0.000000 0.000000 0.000000
 2775 1263 0 1 0 0 0.000000 0.000000 0.000000
 2776 1264 0 1 0 0 0.000000 0.000000 0.000000
 2783 1265 0 1 0 0 0.000000 0.000000 0.000000
 2784 1266 0 1 0 0 0.000000 0.000000 0.000000
 2785 1267 0 1 0 0 0.000000 0.000000 0.000000
 2786 1268 0 1 0 0 0.000000 0.000000 0.000000
 2787 1269 0 1 0 0 0.000000 0.000000 0.000000
 2794 1270 0 1 0 0 0.000000 0.000000 0.000000
 2795 1271 0 1 0 0 0.000000 0.000000 0.000000
 2796 1272 0 1 0 0 0.000000 0.000000 0.000000
 2797 1273 0 1 0 0 0.000000 0.000000 0.000000
 2798 1274 0 1 0 0 0.000000 0.000000 0.000000
 2805 1275 0 1 0 0 0.000000 0.000000 0.000000
 2806 1276 0 1 0 0 0.000000 0.000000 0.000000
 2807 1277 0 1 0 0 0.000000 0.000000 0.000000
 2808 1278 0 1 0 0 0.000000 0.000000 0.000000
 2809 1279 0 1 0 0 0.000000 0.000000 0.000000
 2816 1280 0 1 0 0 0.000000 0.000000 0.000000
 2817 1281 0 1 0 0 0.000000 0.000000 0.000000
 2818 1282 0 1 0 0 0.000000 0.000000 0.000000
 2819 1283 0 1 0 0 0.000000 0.000000 0.000000
 2820 1284 0 1 0 0 0.000000 0.000000 0.000000
 2827 1285 0 1 0 0 0.000000 0.000000 0.000000
 2828 1286 0 1 0 0 0.000000 0.000000 0.000000
 2829 1287 0 1 0 0 0.000000 0.000000 0.000000
 2830 1288 0 1 0 0 0.000000 0.000000 0.000000
 2831 1289 0 1 0 750720 0.000000 0.000000 0.000000
 2838 1290 0 1 0 0 0.000000 0.000000 0.000000
 2839 1291 0 1 0 750720 0.000000 0.000000 0.000000
 2840 1292 0 1 0 0 0.000000 0.000000 0.000000
 2841 1293 0 1 0 750720 0.000000 0.000000 0.000000
 2842 1294 0 1 0 0 0.000000 0.000000 0.000000
 2849 1295 0 1 0 750720 0.000000 0.000000 0.000000
 2850 1296 0 1 0 0 0.000000 0.000000 0.000000
 2851 1297 0 1 0 0 0.000000 0.000000 0.000000
 2852 1298 0 1 0 0 0.000000 0.000000 0.000000
 2853 1299 0 1 0 0 0.000000 0.000000 0.000000
 2860 1300 0 1 0 0 0.000000 0.000000 0.000000
 2861 1301 0 1 0 0 0.000000 0.000000 0.000000
 2862 1302 0 1 0 0 0.000000 0.000000 0.000000
 2863 1303 0 1 0 0 0.000000 0.000000 0.000000
 2864 1304 0 1 0 0 0.000000 0.000000 0.000000
 2871 1305 0 1 0 750720 0.000000 0.000000 0.000000
 2872 1306 0 1 0 0 0.000000 0.000000 0.000000
 2873 1307 0 1 0 750720 0.000000 0.000000 0.000000
 2874 1308 0 1 0 0 0.000000 0.000000 0.000000
 2875 1309 0 1 0 750720 0.000000 0.000000 0.000000
 2882 1310 0 1 0 0 0.000000 0.000000 0.000000
 2883 1311 0 1 0 750720 0.000000 0.000000 0.000000
 2884 1312 0 1 0 0 0.000000 0.000000 0.000000
 2885 1313 0 1 0 0 0.000000 0.000000 0.000000
 2886 1314 0 1 0 0 0.000000 0.000000 0.000000
 2893 1315 0 1 0 0 0.000000 0.000000 0.000000
 2894 1316 0 1 0 0 0.000000 0.000000 0.000000
 2895 1317 0 1 0 0 0.000000 0.000000 0.000000
 2896 1318 0 1 0 0 0.000000 0.000000 0.000000
 2897 1319 0 1 0 0 0.000000 0.000000 0.000000
 2904 1320 0 1 0 0 0.000000 0.000000 0.000000
 2905 1321 0 1 0 750720 0.000000 0.000000 0.000000
 2906 1322 0 1 0 0 0.000000 0.000000 0.000000
 2907 1323 0 1 0 750720 0.000000 0.000000 0.000000
 2908 1324 0 1 0 0 0.000000 0.000000 0.000000
 2915 1325 0 1 0 750720 0.000000 0.000000 0.000000
 2916 1326 0 1 0 0 0.000000 0.000000 0.000000
 2917 1327 0 1 0 750720 0.000000 0.000000 0.000000
 2918 1328 0 1 0 0 0.000000 0.000000 0.000000
 2919 1329 0 1 0 0 0.000000 0.000000 0.000000
 2926 1330 0 1 0 0 0.000000 0.000000 0.000000
 2927 1331 0 1 0 0 0.000000 0.000000 0.000000
 2928 1332 0 1 0 0 0.000000 0.000000 0.000000
 2929 1333 0 1 0 0 0.000000 0.000000 0.000000
 2930 1334 0 1 0 0 0.000000 0.000000 0.000000
 2937 1335 0 1 0 0 0.000000 0.000000 0.000000
 2938 1336 0 1 0 0 0.000000 0.000000 0.000000
 2939 1337 0 1 0 750720 0.000000 0.000000 0.000000
 2940 1338 0 1 0 0 0.000000 0.000000 0.000000
 2941 1339 0 1 0 750720 0.000000 0.000000 0.000000
 2948 1340 0 1 0 0 0.000000 0.000000 0.000000
 2949 1341 0 1 0 750720 0.000000 0.000000 0.000000
 2950 1342 0 1 0 0 0.000000 0.000000 0.000000
 2951 1343 0 1 0 750720 0.000000 0.000000 0.000000
 2952 1344 0 1 0 0 0.000000 0.000000 0.000000
 2959 1345 0 1 0 0 0.000000 0.000000 0.000000
 2960 1346 0 1 0 0 0.000000 0.000000 0.000000
 2961 1347 0 1 0 0 0.000000 0.000000 0.000000
 2962 1348 0 1 0 0 0.000000 0.000000 0.000000
 2963 1349 0 1 0 0 0.000000 0.000000 0.000000
 2970 1350 0 1 0 0 0.000000 0.000000 0.000000
 2971 1351 0 1 0 0 0.000000 0.000000 0.000000
 2972 1352 0 1 0 0 0.000000 0.000000 0.000000
 2973 1353 0 1 0 0 0.000000 0.000000 0.000000
 2974 1354 0 1 0 0 0.000000 0.000000 0.000000
 2981 1355 0 1 0 0 0.000000 0.000000 0.000000
 2982 1356 0 1 0 0 0.000000 0.000000 0.000000
 2983 1357 0 1 0 0 0.000000 0.000000 0.000000
 2984 1358 0 1 0 0 0.000000 0.000000 0.000000
 2985 1359 0 1 0 0 0.000000 0.000000 0.000000
 2992 1360 0 1 0 0 0.000000 0.000000 0.000000
 2993 1361 0 1 0 0 0.000000 0.000000 0.000000
 2994 1362 0 1 0 750720 0.000000 0.000000 0.000000
 2995 1363 0 1 0 750720 0.000000 0.000000 0.000000
 2996 1364 0 1 0 0 0.000000 0.000000 0.000000
 3003 1365 0 1 0 0 0.000000 0.000000 0.000000
 3004 1366 0 1 0 750720 0.000000 0.000000 0.000000
 3005 1367 0 1 0 750720 0.000000 0.000000 0.000000
 3006 1368 0 1 0 0 0.000000 0.000000 0.000000
 3007 1369 0 1 0 0 0.000000 0.000000 0.000000
 3014 1370 0 1 0 750720 0.000000 0.000000 0.000000
 3015 1371 0 1 0 750720 0.000000 0.000000 0.000000
 3016 1372 0 1 0 0 0.000000 0.000000 0.000000
 3017 1373 0 1 0 0 0.000000 0.000000 0.000000
 3018 1374 0 1 0 750720 0.000000 0.000000 0.000000
 3025 1375 0 1 0 750720 0.000000 0.000000 0.000000
 3026 1376 0 1 0 0 0.000000 0.000000 0.000000
 3027 1377 0 1 0 0 0.000000 0.000000 0.000000
 3028 1378 0 1 0 0 0.000000 0.000000 0.000000
 3029 1379 0 1 0 0 0.000000 0.000000 0.000000
 3036 1380 0 1 0 0 0.000000 0.000000 0.000000
 3037 1381 0 1 0 0 0.000000 0.000000 0.000000
 3038 1382 0 1 0 0 0.000000 0.000000 0.000000
 3039 1383 0 1 0 0 0.000000 0.000000 0.000000
 3040 1384 0 1 0 0 0.000000 0.000000 0.000000
 3047 1385 0 1 0 0 0.000000 0.000000 0.000000
 3048 1386 0 1 0 0 0.000000 0.000000 0.000000
 3049 1387 0 1 0 0 0.000000 0.000000 0.000000
 3050 1388 0 1 0 0 0.000000 0.000000 0.000000
 3051 1389 0 1 0 0 0.000000 0.000000 0.000000
 3058 1390 0 1 0 0 0.000000 0.000000 0.000000
 3059 1391 0 1 0 0 0.000000 0.000000 0.000000
 3060 1392 0 1 0 0 0.000000 0.000000 0.000000
 3061 1393 0 1 0 0 0.000000 0.000000 0.000000
 3062 1394 0 1 0 750720 0.000000 0.000000 0.000000
 3069 1395 0 1 0 750720 0.000000 0.000000 0.000000
 3070 1396 0 1 0 0 0.000000 0.000000 0.000000
 3071 1397 0 1 0 0 0.000000 0.000000 0.000000
 3072 1398 0 1 0 750720 0.000000 0.000000 0.000000
 3073 1399 0 1 0 750720 0.000000 0.000000 0.000000
 3080 1400 0 1 0 0 0.000000 0.000000 0.000000
 3081 1401 0 1 0 0 0.000000 0.000000 0.000000
 3082 1402 0 1 0 750720 0.000000 0.000000 0.000000
 3083 1403 0 1 0 750720 0.000000 0.000000 0.000000
 3084 1404 0 1 0 0 0.000000 0.000000 0.000000
 3091 1405 0 1 0 0 0.000000 0.000000 0.000000
 3092 1406 0 1 0 750720 0.000000 0.000000 0.000000
 3093 1407 0 1 0 750720 0.000000 0.000000 0.000000
 3094 1408 0 1 0 0 0.000000 0.000000 0.000000
 3095 1409 0 1 0 0 0.000000 0.000000 0.000000
 3102 1410 0 1 0 0 0.000000 0.000000 0.000000
 3103 1411 0 1 0 0 0.000000 0.000000 0.000000
 3104 1412 0 1 0 0 0.000000 0.000000 0.000000
 3105 1413 0 1 0 0 0.000000 0.000000 0.000000
 3106 1414 0 1 0 0 0.000000 0.000000 0.000000
 3113 1415 0 1 0 0 0.000000 0.000000 0.000000
 3114 1416 0 1 0 0 0.000000 0.000000 0.000000
 3115 1417 0 1 0 750720 0.000000 0.000000 0.000000
 3116 1418 0 1 0 0 0.000000 0.000000 0.000000
 3117 1419 0 1 0 750720 0.000000 0.000000 0.000000
 3124 1420 0 1 0 0 0.000000 0.000000 0.000000
 3125 1421 0 1 0 750720 0.000000 0.000000 0.000000
 3126 1422 0 1 0 0 0.000000 0.000000 0.000000
 3127 1423 0 1 0 750720 0.000000 0.000000 0.000000
 3128 1424 0 1 0 0 0.000000 0.000000 0.000000
 3135 1425 0 1 0 0 0.000000 0.000000 0.000000
 3136 1426 0 1 0 750720 0.000000 0.000000 0.000000
 3137 1427 0 1 0 750720 0.000000 0.000000 0.000000
 3138 1428 0 1 0 0 0.000000 0.000000 0.000000
 3139 1429 0 1 0 0 0.000000 0.000000 0.000000
 3146 1430 0 1 0 750720 0.000000 0.000000 0.000000
 3147 1431 0 1 0 750720 0.000000 0.000000 0.000000
 3148 1432 0 1 0 0 0.000000 0.000000 0.000000
 3149 1433 0 1 0 750720 0.000000 0.000000 0.000000
 3150 1434 0 1 0 750720 0.000000 0.000000 0.000000
 3157 1435 0 1 0 1479520 0.000000 0.000000 0.000000
 3158 1436 0 1 0 0 0.000000 0.000000 0.000000
 3159 1437 0 1 0 750720 0.000000 0.000000 0.000000
 3160 1438 0 1 0 750720 0.000000 0.000000 0.000000
 3161 1439 0 1 0 1479520 0.000000 0.000000 0.000000
 3168 1440 0 1 0 0 0.000000 0.000000 0.000000
 3169 1441 0 1 0 0 0.000000 0.000000 0.000000
 3170 1442 0 1 0 0 0.000000 0.000000 0.000000
 3171 1443 0 1 0 0 0.000000 0.000000 0.000000
 3172 1444 0 1 0 0 0.000000 0.000000 0.000000
 3179 1445 0 1 0 0 0.000000 0.000000 0.000000
 3180 1446 0 1 0 0 0.000000 0.000000 0.000000
 3181 1447 0 1 0 0 0.000000 0.000000 0.000000
 3182 1448 0 1 0 0 0.000000 0.000000 0.000000
 3183 1449 0 1 0 750720 0.000000 0.000000 0.000000
 3190 1450 0 1 0 0 0.000000 0.000000 0.000000
 3191 1451 0 1 0 750720 0.000000 0.000000 0.000000
 3192 1452 0 1 0 0 0.000000 0.000000 0.000000
 3193 1453 0 1 0 750720 0.000000 0.000000 0.000000
 3194 1454 0 1 0 0 0.000000 0.000000 0.000000
 3201 1455 0 1 0 750720 0.000000 0.000000 0.000000
 3202 1456 0 1 0 0 0.000000 0.000000 0.000000
 3203 1457 0 1 0 0 0.000000 0.000000 0.000000
 3204 1458 0 1 0 750720 0.000000 0.000000 0.000000
 3205 1459 0 1 0 750720 0.000000 0.000000 0.000000
 3212 1460 0 1 0 0 0.000000 0.000000 0.000000
 3213 1461 0 1 0 0 0.000000 0.000000 0.000000
 3214 1462 0 1 0 750720 0.000000 0.000000 0.000000
 3215 1463 0 1 0 750720 0.000000 0.000000 0.000000
 3216 1464 0 1 0 0 0.000000 0.000000 0.000000
 3223 1465 0 1 0 750720 0.000000 0.000000 0.000000
 3224 1466 0 1 0 750720 0.000000 0.000000 0.000000
 3225 1467 0 1 0 1461024 0.000000 0.000000 0.000000
 3226 1468 0 1 0 0 0.000000 0.000000 0.000000
 3227 1469 0 1 0 750720 0.000000 0.000000 0.000000
 3234 1470 0 1 0 750720 0.000000 0.000000 0.000000
 3235 1471 0 1 0 1479520 0.000000 0.000000 0.000000
 3236 1472 0 1 0 0 0.000000 0.000000 0.000000
 3237 1473 0 1 0 0 0.000000 0.000000 0.000000
 3238 1474 0 1 0 0 0.000000 0.000000 0.000000
 3245 1475 0 1 0 0 0.000000 0.000000 0.000000
 3246 1476 0 1 0 0 0.000000 0.000000 0.000000
 3247 1477 0 1 0 0 0.000000 0.000000 0.000000
 3248 1478 0 1 0 0 0.000000 0.000000 0.000000
 3249 1479 0 1 0 0 0.000000 0.000000 0.000000
 3256 1480 0 1 0 0 0.000000 0.000000 0.000000
 3257 1481 0 1 0 0 0.000000 0.000000 0.000000
 3258 1482 0 1 0 0 0.000000 0.000000 0.000000
 3259 1483 0 1 0 0 0.000000 0.000000 0.000000
 3260 1484 0 1 0 0 0.000000 0.000000 0.000000
 3267 1485 0 1 0 0 0.000000 0.000000 0.000000
 3268 1486 0 1 0 0 0.000000 0.000000 0.000000
 3269 1487 0 1 0 0 0.000000 0.000000 0.000000
 3270 1488 0 1 0 0 0.000000 0.000000 0.000000
 3271 1489 0 1 0 0 0.000000 0.000000 0.000000
 3278 1490 0 1 0 0 0.000000 0.000000 0.000000
 3279 1491 0 1 0 0 0.000000 0.000000 0.000000
 3280 1492 0 1 0 0 0.000000 0.000000 0.000000
 3281 1493 0 1 0 0 0.000000 0.000000 0.000000
 3282 1494 0 1 0 0 0.000000 0.000000 0.000000
 3289 1495 0 1 0 0 0.000000 0.000000 0.000000
 3290 1496 0 1 0 0 0.000000 0.000000 0.000000
 3291 1497 0 1 0 0 0.000000 0.000000 0.000000
 3292 1498 0 1 0 0 0.000000 0.000000 0.000000
 3293 1499 0 1 0 0 0.000000 0.000000 0.000000
 3300 1500 0 1 0 0 0.000000 0.000000 0.000000
 3301 1501 0 1 0 0 0.000000 0.000000 0.000000
 3302 1502 0 1 0 0 0.000000 0.000000 0.000000
 3303 1503 0 1 0 0 0.000000 0.000000 0.000000
 3304 1504 0 1 0 0 0.000000 0.000000 0.000000
 3311 1505 0 1 0 0 0.000000 0.000000 0.000000
 3312 1506 0 1 0 0 0.000000 0.000000 0.000000
 3313 1507 0 1 0 0 0.000000 0.000000 0.000000
 3314 1508 0 1 0 750720 0.000000 0.000000 0.000000
 3315 1509 0 1 0 750720 0.000000 0.000000 0.000000
 3322 1510 0 1 0 750720 0.000000 0.000000 0.000000
 3323 1511 0 1 0 750720 0.000000 0.000000 0.000000
 3324 1512 0 1 0 0 0.000000 0.000000 0.000000
 3325 1513 0 1 0 0 0.000000 0.000000 0.000000
 3326 1514 0 1 0 0 0.000000 0.000000 0.000000
 3333 1515 0 1 0 0 0.000000 0.000000 0.000000
 3334 1516 0 1 0 750720 0.000000 0.000000 0.000000
 3335 1517 0 1 0 750720 0.000000 0.000000 0.000000
 3336 1518 0 1 0 750720 0.000000 0.000000 0.000000
 3337 1519 0 1 0 750720 0.000000 0.000000 0.000000
 3344 1520 0 1 0 0 0.000000 0.000000 0.000000
 3345 1521 0 1 0 0 0.000000 0.000000 0.000000
 3346 1522 0 1 0 0 0.000000 0.000000 0.000000
 3347 1523 0 1 0 0 0.000000 0.000000 0.000000
 3348 1524 0 1 0 750720 0.000000 0.000000 0.000000
 3355 1525 0 1 0 750720 0.000000 0.000000 0.000000
 3356 1526 0 1 0 750720 0.000000 0.000000 0.000000
 3357 1527 0 1 0 750720 0.000000 0.000000 0.000000
 3358 1528 0 1 0 0 0.000000 0.000000 0.000000
 3359 1529 0 1 0 0 0.000000 0.000000 0.000000
 3366 1530 0 1 0 0 0.000000 0.000000 0.000000
 3367 1531 0 1 0 0 0.000000 0.000000 0.000000
 3368 1532 0 1 0 750720 0.000000 0.000000 0.000000
 3369 1533 0 1 0 750720 0.000000 0.000000 0.000000
 3370 1534 0 1 0 750720 0.000000 0.000000 0.000000
 3377 1535 0 1 0 750720 0.000000 0.000000 0.000000
 3378 1536 0 1 0 0 0.000000 0.000000 0.000000
 3379 1537 0 1 0 0 0.000000 0.000000 0.000000
 3380 1538 0 1 0 0 0.000000 0.000000 0.000000
 3381 1539 0 1 0 0 0.000000 0.000000 0.000000
 3388 1540 0 1 0 0 0.000000 0.000000 0.000000
 3389 1541 0 1 0 0 0.000000 0.000000 0.000000
 3390 1542 0 1 0 0 0.000000 0.000000 0.000000
 3391 1543 0 1 0 0 0.000000 0.000000 0.000000
 3392 1544 0 1 0 0 0.000000 0.000000 0.000000
 3399 1545 0 1 0 750720 0.000000 0.000000 0.000000
 3400 1546 0 1 0 0 0.000000 0.000000 0.000000
 3401 1547 0 1 0 750720 0.000000 0.000000 0.000000
 3402 1548 0 1 0 0 0.000000 0.000000 0.000000
 3403 1549 0 1 0 750720 0.000000 0.000000 0.000000
 3410 1550 0 1 0 0 0.000000 0.000000 0.000000
 3411 1551 0 1 0 750720 0.000000 0.000000 0.000000
 3412 1552 0 1 0 0 0.000000 0.000000 0.000000
 3413 1553 0 1 0 0 0.000000 0.000000 0.000000
 3414 1554 0 1 0 0 0.000000 0.000000 0.000000
 3421 1555 0 1 0 0 0.000000 0.000000 0.000000
 3422 1556 0 1 0 0 0.000000 0.000000 0.000000
 3423 1557 0 1 0 0 0.000000 0.000000 0.000000
 3424 1558 0 1 0 0 0.000000 0.000000 0.000000
 3425 1559 0 1 0 0 0.000000 0.000000 0.000000
 3432 1560 0 1 0 0 0.000000 0.000000 0.000000
 3433 1561 0 1 0 750720 0.000000 0.000000 0.000000
 3434 1562 0 1 0 0 0.000000 0.000000 0.000000
 3435 1563 0 1 0 750720 0.000000 0.000000 0.000000
 3436 1564 0 1 0 0 0.000000 0.000000 0.000000
 3443 1565 0 1 0 750720 0.000000 0.000000 0.000000
 3444 1566 0 1 0 0 0.000000 0.000000 0.000000
 3445 1567 0 1 0 750720 0.000000 0.000000 0.000000
 3446 1568 0 1 0 0 0.000000 0.000000 0.000000
 3447 1569 0 1 0 0 0.000000 0.000000 0.000000
 3454 1570 0 1 0 0 0.000000 0.000000 0.000000
 3455 1571 0 1 0 0 0.000000 0.000000 0.000000
 3456 1572 0 1 0 750720 0.000000 0.000000 0.000000
 3457 1573 0 1 0 750720 0.000000 0.000000 0.000000
 3458 1574 0 1 0 750720 0.000000 0.000000 0.000000
 3465 1575 0 1 0 750720 0.000000 0.000000 0.000000
 3466 1576 0 1 0 0 0.000000 0.000000 0.000000
 3467 1577 0 1 0 750720 0.000000 0.000000 0.000000
 3468 1578 0 1 0 0 0.000000 0.000000 0.000000
 3469 1579 0 1 0 750720 0.000000 0.000000 0.000000
 3476 1580 0 1 0 750720 0.000000 0.000000 0.000000
 3477 1581 0 1 0 1479520 0.000000 0.000000 0.000000
 3478 1582 0 1 0 750720 0.000000 0.000000 0.000000
 3479 1583 0 1 0 1479520 0.000000 0.000000 0.000000
 3480 1584 0 1 0 0 0.000000 0.000000 0.000000
 3487 1585 0 1 0 0 0.000000 0.000000 0.000000
 3488 1586 0 1 0 0 0.000000 0.000000 0.000000
 3489 1587 0 1 0 0 0.000000 0.000000 0.000000
 3490 1588 0 1 0 750720 0.000000 0.000000 0.000000
 3491 1589 0 1 0 750720 0.000000 0.000000 0.000000
 3498 1590 0 1 0 750720 0.000000 0.000000 0.000000
 3499 1591 0 1 0 750720 0.000000 0.000000 0.000000
 3500 1592 0 1 0 0 0.000000 0.000000 0.000000
 3501 1593 0 1 0 750720 0.000000 0.000000 0.000000
 3502 1594 0 1 0 0 0.000000 0.000000 0.000000
 3509 1595 0 1 0 750720 0.000000 0.000000 0.000000
 3510 1596 0 1 0 750720 0.000000 0.000000 0.000000
 3511 1597 0 1 0 1479520 0.000000 0.000000 0.000000
 3512 1598 0 1 0 750720 0.000000 0.000000 0.000000
 3513 1599 0 1 0 1479520 0.000000 0.000000 0.000000
 3520 1600 0 1 0 0 0.000000 0.000000 0.000000
 3521 1601 0 1 0 0 0.000000 0.000000 0.000000
 3522 1602 0 1 0 0 0.000000 0.000000 0.000000
 3523 1603 0 1 0 0 0.000000 0.000000 0.000000
 3524 1604 0 1 0 0 0.000000 0.000000 0.000000
 3531 1605 0 1 0 0 0.000000 0.000000 0.000000
 3532 1606 0 1 0 0 0.000000 0.000000 0.000000
 3533 1607 0 1 0 0 0.000000 0.000000 0.000000
 3534 1608 0 1 0 0 0.000000 0.000000 0.000000
 3535 1609 0 1 0 0 0.000000 0.000000 0.000000
 3542 1610 0 1 0 0 0.000000 0.000000 0.000000
 3543 1611 0 1 0 0 0.000000 0.000000 0.000000
 3544 1612 0 1 0 0 0.000000 0.000000 0.000000
 3545 1613 0 1 0 0 0.000000 0.000000 0.000000
 3546 1614 0 1 0 0 0.000000 0.000000 0.000000
 3553 1615 0 1 0 0 0.000000 0.000000 0.000000
 3554 1616 0 1 0 0 0.000000 0.000000 0.000000
 3555 1617 0 1 0 0 0.000000 0.000000 0.000000
 3556 1618 0 1 0 750720 0.000000 0.000000 0.000000
 3557 1619 0 1 0 750720 0.000000 0.000000 0.000000
 3564 1620 0 1 0 0 0.000000 0.000000 0.000000
 3565 1621 0 1 0 0 0.000000 0.000000 0.000000
 3566 1622 0 1 0 750720 0.000000 0.000000 0.000000
 3567 1623 0 1 0 750720 0.000000 0.000000 0.000000
 3568 1624 0 1 0 0 0.000000 0.000000 0.000000
 3575 1625 0 1 0 0 0.000000 0.000000 0.000000
 3576 1626 0 1 0 750720 0.000000 0.000000 0.000000
 3577 1627 0 1 0 750720 0.000000 0.000000 0.000000
 3578 1628 0 1 0 0 0.000000 0.000000 0.000000
 3579 1629 0 1 0 0 0.000000 0.000000 0.000000
 3586 1630 0 1 0 750720 0.000000 0.000000 0.000000
 3587 1631 0 1 0 750720 0.000000 0.000000 0.000000
 3588 1632 0 1 0 0 0.000000 0.000000 0.000000
 3589 1633 0 1 0 0 0.000000 0.000000 0.000000
 3590 1634 0 1 0 0 0.000000 0.000000 0.000000
 3597 1635 0 1 0 0 0.000000 0.000000 0.000000
 3598 1636 0 1 0 750720 0.000000 0.000000 0.000000
 3599 1637 0 1 0 750720 0.000000 0.000000 0.000000
 3600 1638 0 1 0 750720 0.000000 0.000000 0.000000
 3601 1639 0 1 0 750720 0.000000 0.000000 0.000000
 3608 1640 0 1 0 0 0.000000 0.000000 0.000000
 3609 1641 0 1 0 0 0.000000 0.000000 0.000000
 3610 1642 0 1 0 0 0.000000 0.000000 0.000000
 3611 1643 0 1 0 0 0.000000 0.000000 0.000000
 3612 1644 0 1 0 750720 0.000000 0.000000 0.000000
 3619 1645 0 1 0 750720 0.000000 0.000000 0.000000
 3620 1646 0 1 0 750720 0.000000 0.000000 0.000000
 3621 1647 0 1 0 750720 0.000000 0.000000 0.000000
 3622 1648 0 1 0 0 0.000000 0.000000 0.000000
 3623 1649 0 1 0 0 0.000000 0.000000 0.000000
 3630 1650 0 1 0 750720 0.000000 0.000000 0.000000
 3631 1651 0 1 0 750720 0.000000 0.000000 0.000000
 3632 1652 0 1 0 750720 0.000000 0.000000 0.000000
 3633 1653 0 1 0 750720 0.000000 0.000000 0.000000
 3634 1654 0 1 0 1479520 0.000000 0.000000 0.000000
 3641 1655 0 1 0 1479520 0.000000 0.000000 0.000000
 3642 1656 0 1 0 0 0.000000 0.000000 0.000000
 3643 1657 0 1 0 0 0.000000 0.000000 0.000000
 3644 1658 0 1 0 750720 0.000000 0.000000 0.000000
 3645 1659 0 1 0 750720 0.000000 0.000000 0.000000
 3652 1660 0 1 0 750720 0.000000 0.000000 0.000000
 3653 1661 0 1 0 750720 0.000000 0.000000 0.000000
 3654 1662 0 1 0 1479520 0.000000 0.000000 0.000000
 3655 1663 0 1 0 1479520 0.000000 0.000000 0.000000
 3656 1664 0 1 0 0 0.000000 0.000000 0.000000
 3663 1665 0 1 0 0 0.000000 0.000000 0.000000
 3664 1666 0 1 0 0 0.000000 0.000000 0.000000
 3665 1667 0 1 0 0 0.000000 0.000000 0.000000
 3666 1668 0 1 0 0 0.000000 0.000000 0.000000
 3667 1669 0 1 0 0 0.000000 0.000000 0.000000
 3674 1670 0 1 0 0 0.000000 0.000000 0.000000
 3675 1671 0 1 0 0 0.000000 0.000000 0.000000
 3676 1672 0 1 0 0 0.000000 0.000000 0.000000
 3677 1673 0 1 0 750720 0.000000 0.000000 0.000000
 3678 1674 0 1 0 0 0.000000 0.000000 0.000000
 3685 1675 0 1 0 750720 0.000000 0.000000 0.000000
 3686 1676 0 1 0 0 0.000000 0.000000 0.000000
 3687 1677 0 1 0 750720 0.000000 0.000000 0.000000
 3688 1678 0 1 0 0 0.000000 0.000000 0.000000
 3689 1679 0 1 0 750720 0.000000 0.000000 0.000000
 3696 1680 0 1 0 0 0.000000 0.000000 0.000000
 3697 1681 0 1 0 0 0.000000 0.000000 0.000000
 3698 1682 0 1 0 750720 0.000000 0.000000 0.000000
 3699 1683 0 1 0 750720 0.000000 0.000000 0.000000
 3700 1684 0 1 0 0 0.000000 0.000000 0.000000
 3707 1685 0 1 0 0 0.000000 0.000000 0.000000
 3708 1686 0 1 0 750720 0.000000 0.000000 0.000000
 3709 1687 0 1 0 750720 0.000000 0.000000 0.000000
 3710 1688 0 1 0 0 0.000000 0.000000 0.000000
 3711 1689 0 1 0 750720 0.000000 0.000000 0.000000
 3718 1690 0 1 0 750720 0.000000 0.000000 0.000000
 3719 1691 0 1 0 1479520 0.000000 0.000000 0.000000
 3720 1692 0 1 0 0 0.000000 0.000000 0.000000
 3721 1693 0 1 0 750720 0.000000 0.000000 0.000000
 3722 1694 0 1 0 750720 0.000000 0.000000 0.000000
 3729 1695 0 1 0 1479520 0.000000 0.000000 0.000000
 3730 1696 0 1 0 0 0.000000 0.000000 0.000000
 3731 1697 0 1 0 0 0.000000 0.000000 0.000000
 3732 1698 0 1 0 0 0.000000 0.000000 0.000000
 3733 1699 0 1 0 0 0.000000 0.000000 0.000000
 3740 1700 0 1 0 750720 0.000000 0.000000 0.000000
 3741 1701 0 1 0 750720 0.000000 0.000000 0.000000
 3742 1702 0 1 0 750720 0.000000 0.000000 0.000000
 3743 1703 0 1 0 750720 0.000000 0.000000 0.000000
 3744 1704 0 1 0 0 0.000000 0.000000 0.000000
 3751 1705 0 1 0 750720 0.000000 0.000000 0.000000
 3752 1706 0 1 0 0 0.000000 0.000000 0.000000
 3753 1707 0 1 0 750720 0.000000 0.000000 0.000000
 3754 1708 0 1 0 750720 0.000000 0.000000 0.000000
 3755 1709 0 1 0 1479520 0.000000 0.000000 0.000000
 3762 1710 0 1 0 750720 0.000000 0.000000 0.000000
 3763 1711 0 1 0 1479520 0.000000 0.000000 0.000000
 3764 1712 0 1 0 0 0.000000 0.000000 0.000000
 3765 1713 0 1 0 0 0.000000 0.000000 0.000000
 3766 1714 0 1 0 750720 0.000000 0.000000 0.000000
 3773 1715 0 1 0 750720 0.000000 0.000000 0.000000
 3774 1716 0 1 0 750720 0.000000 0.000000 0.000000
 3775 1717 0 1 0 750720 0.000000 0.000000 0.000000
 3776 1718 0 1 0 1479520 0.000000 0.000000 0.000000
 3777 1719 0 1 0 1479520 0.000000 0.000000 0.000000
 3784 1720 0 1 0 0 0.000000 0.000000 0.000000
 3785 1721 0 1 0 750720 0.000000 0.000000 0.000000
 3786 1722 0 1 0 750720 0.000000 0.000000 0.000000
 3787 1723 0 1 0 1479520 0.000000 0.000000 0.000000
 3788 1724 0 1 0 750720 0.000000 0.000000 0.000000
 3795 1725 0 1 0 1479520 0.000000 0.000000 0.000000
 3796 1726 0 1 0 1479520 0.000000 0.000000 0.000000
 3797 1727 0 1 0 2187040 0.000000 0.000000 0.000000