# Format <LP ID> <Terminal ID> <Total sends> <Total Recvs> <Bytes sent> <Bytes recvd> <Send time> <Comm. time> <Compute time>
 0 0 430 430 32028796 29366228 15776937.463031 0.000000 0.000000
 1 1 688 688 49814696 43485680 26852447.543415 0.000000 0.000000
 2 2 688 688 46078608 36174832 20674241.144412 0.000000 0.000000
 3 3 1105 1105 59081884 50590068 31350736.928664 0.000000 0.000000
 4 4 510 510 40923120 32638680 23040944.546329 0.000000 0.000000
 11 5 935 935 62824884 49731932 44031314.169493 0.000000 0.000000
 12 6 848 850 53378344 45863632 31787062.219890 0.000000 0.000000
 13 7 1105 1103 62988868 54836028 36871994.218639 0.000000 0.000000
 14 8 1020 1019 61541736 52070216 35906608.439845 0.000000 0.000000
 15 9 764 765 48434516 43491236 42407622.485163 0.000000 0.000000
 22 10 680 680 47669592 42773504 29874337.342714 0.000000 0.000000
 23 11 1105 1105 56002484 50056876 33450256.364024 0.000000 0.000000
 24 12 1092 1092 56869540 49702148 37665552.264151 0.000000 0.000000
 25 13 935 935 56174108 46374140 36569344.532321 0.000000 0.000000
 26 14 924 924 59672764 49102140 39086866.925826 0.000000 0.000000
 33 15 1678 1678 74418752 66172880 50540419.699088 0.000000 0.000000
 34 16 1092 1090 63604196 54071148 46174636.423536 0.000000 0.000000
 35 17 1008 1007 65767592 51208376 46832285.658761 0.000000 0.000000
 36 18 764 765 46466436 36312500 28505563.558714 0.000000 0.000000
 37 19 1105 1105 56854540 50489972 35756307.229967 0.000000 0.000000
 44 20 838 840 38034976 35626608 24099848.087625 0.000000 0.000000
 45 21 1092 1092 62856028 49913228 43137723.667329 0.000000 0.000000
 46 22 935 935 54401668 38608972 32605877.584409 0.000000 0.000000
 47 23 1700 1700 71563872 58607704 55114920.343145 0.000000 0.000000
 48 24 1004 1008 48618928 45555496 36856208.534828 0.000000 0.000000
 55 25 1105 1103 59116460 54539916 50627449.332968 0.000000 0.000000
 56 26 1020 1019 59999848 51775896 57658116.342724 0.000000 0.000000
 57 27 1189 1190 62267472 50254128 40729748.587062 0.000000 0.000000
 58 28 1092 1092 57432860 49852828 56618625.927780 0.000000 0.000000
 59 29 1258 1260 54262244 49771628 53974529.086563 0.000000 0.000000
 66 30 1092 1092 63208364 49281788 55841360.490551 0.000000 0.000000
 67 31 1680 1680 70718568 52345768 60447772.497722 0.000000 0.000000
 68 32 1680 1680 71659752 57385680 69674224.885212 0.000000 0.000000
 69 33 1844 1846 74708376 65896632 66360947.391650 0.000000 0.000000
 70 34 1092 1090 60559108 53829196 50956180.232826 0.000000 0.000000
 77 35 996 995 65153632 51041688 52792247.373740 0.000000 0.000000
 78 36 671 672 38467696 36769752 22067607.250009 0.000000 0.000000
 79 37 1008 1007 54675760 50893584 33946971.450157 0.000000 0.000000
 80 38 935 935 48148796 43935740 33853314.603166 0.000000 0.000000
 81 39 1530 1530 71495776 58112448 55378497.804387 0.000000 0.000000
 88 40 498 498 40887360 31924872 21364735.414102 0.000000 0.000000
 89 41 913 913 59659372 48889900 34762291.159709 0.000000 0.000000
 90 42 838 840 51950680 45188544 29633958.870275 0.000000 0.000000
 91 43 1092 1090 59122956 54362036 47162414.852240 0.000000 0.000000
 92 44 1008 1007 63126968 51422904 42569816.532011 0.000000 0.000000
 99 45 1091 1091 60356004 50912164 38638501.991571 0.000000 0.000000
 100 46 1008 1007 52489296 50343984 41984434.119261 0.000000 0.000000
 101 47 1512 1512 60616792 57850968 65821536.827463 0.000000 0.000000
 102 48 1512 1512 66769768 57123200 61566620.009754 0.000000 0.000000
 103 49 924 924 59469932 45957868 39644345.119833 0.000000 0.000000
 110 50 924 924 59844684 48690204 53689527.437520 0.000000 0.000000
 111 51 1678 1678 71659816 65767752 71987303.547494 0.000000 0.000000
 112 52 1092 1090 62542132 53996876 61748597.850636 0.000000 0.000000
 113 53 1008 1007 59648784 51136808 52131499.289027 0.000000 0.000000
 114 54 1019 1020 58617896 44191016 54055430.331060 0.000000 0.000000
 121 55 1615 1614 64338660 58383748 56329200.943626 0.000000 0.000000
 122 56 1090 1092 47657236 43575540 35602176.855561 0.000000 0.000000
 123 57 1512 1512 67723480 57943528 53513474.719187 0.000000 0.000000
 124 58 924 924 52522540 38220940 34098817.689290 0.000000 0.000000
 125 59 1680 1680 83491336 58148632 55539351.505996 0.000000 0.000000
 132 60 992 996 47758400 45095800 33136057.332853 0.000000 0.000000
 133 61 1092 1090 57257588 54121332 51944973.508369 0.000000 0.000000
 134 62 1008 1007 59886296 51276496 46130814.039645 0.000000 0.000000
 135 63 1679 1679 71463576 58063152 68123933.845473 0.000000 0.000000
 136 64 1577 1576 62049764 57296108 69134809.742615 0.000000 0.000000
 143 65 1678 1680 60817608 57512744 60379286.057237 0.000000 0.000000
 144 66 1494 1494 68887480 56679568 59671476.049245 0.000000 0.000000
 145 67 1680 1680 70589056 51930192 67530263.376779 0.000000 0.000000
 146 68 1660 1660 74843808 57329960 70523377.402040 0.000000 0.000000
 147 69 1844 1846 79250600 65517320 62466827.459828 0.000000 0.000000
 154 70 1079 1077 57120692 53535476 64244575.806353 0.000000 0.000000
 155 71 996 995 64189040 50711736 62347871.302309 0.000000 0.000000
 156 72 755 756 50007996 42970620 41110416.952434 0.000000 0.000000
 157 73 672 672 53025176 42442696 26308189.021936 0.000000 0.000000
 158 74 1092 1092 53273132 49451220 43950183.499436 0.000000 0.000000
 165 75 1079 1079 56234212 49378164 40379895.500683 0.000000 0.000000
 166 76 924 924 57311852 45923268 52939523.044378 0.000000 0.000000
 167 77 913 913 60825044 48779116 51313283.161033 0.000000 0.000000
 168 78 1658 1658 75740920 65834744 85795542.017280 0.000000 0.000000
 169 79 1079 1077 53988020 53511228 44085869.379742 0.000000 0.000000
 176 80 996 995 60465880 50718840 68467047.776168 0.000000 0.000000
 177 81 746 747 48349940 42449204 27031126.057032 0.000000 0.000000
 178 82 664 664 50560608 42070424 29497029.047885 0.000000 0.000000
 179 83 1079 1079 54827124 49183836 44517370.765652 0.000000 0.000000
 180 84 1092 1092 61814452 48847140 57813179.770399 0.000000 0.000000
 187 85 913 913 59210908 45251084 41277757.754924 0.000000 0.000000
 188 86 902 902 62332612 48019788 46660296.041356 0.000000 0.000000
 189 87 1638 1638 80569184 64901696 66320230.042374 0.000000 0.000000
 190 88 1079 1077 57484564 53450324 49142196.182157 0.000000 0.000000
 191 89 996 995 57785680 50437920 60288538.154857 0.000000 0.000000
 198 90 1175 1176 60314296 49647536 47081392.684312 0.000000 0.000000
 199 91 1079 1079 56855084 49612316 51909435.954429 0.000000 0.000000
 200 92 1243 1245 54327828 49620988 51082538.445600 0.000000 0.000000
 201 93 1092 1092 59861772 49307820 56034076.398947 0.000000 0.000000
 202 94 1660 1660 69791512 51928488 81230270.368612 0.000000 0.000000
 209 95 1660 1660 72698600 57391536 93183760.488480 0.000000 0.000000
 210 96 1822 1824 82665160 65755312 71890314.154212 0.000000 0.000000
 211 97 1092 1090 59194604 53929668 57446073.606125 0.000000 0.000000
 212 98 1008 1007 58069352 51094064 62109438.489332 0.000000 0.000000
 213 99 1161 1162 60094208 49389952 77377403.055163 0.000000 0.000000
 220 100 1079 1079 60749756 49078308 45743906.970353 0.000000 0.000000
 221 101 1243 1245 59563692 49077388 45808928.227863 0.000000 0.000000
 222 102 1066 1066 54286404 48497268 40639439.144281 0.000000 0.000000
 223 103 1660 1660 65840752 51317272 68653271.785400 0.000000 0.000000
 224 104 1660 1660 74106992 56873624 65884841.566599 0.000000 0.000000
 231 105 1822 1824 74068424 64969272 59784631.303892 0.000000 0.000000
 232 106 1066 1064 54931764 53055012 47808857.080691 0.000000 0.000000
 233 107 984 983 57869472 50265280 46439397.514329 0.000000 0.000000
 234 108 1078 1078 54472332 50462516 44737488.824627 0.000000 0.000000
 235 109 996 995 60284984 49836776 42288059.039231 0.000000 0.000000
 242 110 1494 1494 65461552 56983344 54332661.130209 0.000000 0.000000
 243 111 1476 1476 67629032 56703400 58029947.873559 0.000000 0.000000
 244 112 913 913 52671260 45677612 39035172.012192 0.000000 0.000000
 245 113 902 902 60587036 48258748 41149732.268128 0.000000 0.000000
 246 114 1658 1658 72147720 65432200 65258489.497852 0.000000 0.000000
 253 115 1066 1064 67068468 52974996 43429577.495067 0.000000 0.000000
 254 116 984 983 57099416 50312672 48100535.950311 0.000000 0.000000
 255 117 1065 1065 54326852 49839708 43207280.733759 0.000000 0.000000
 256 118 984 983 54771648 49017848 49350037.018074 0.000000 0.000000
 257 119 1476 1476 61590872 56252936 56769575.266093 0.000000 0.000000
 264 120 1476 1476 65651304 56159896 58172871.392193 0.000000 0.000000
 265 121 902 902 52574716 44766436 40116820.273182 0.000000 0.000000
 266 122 891 891 61795556 47424396 42466844.369731 0.000000 0.000000
 267 123 1618 1618 72106368 64164624 57257760.185329 0.000000 0.000000
 268 124 1066 1064 56827140 52716116 46075042.459923 0.000000 0.000000
 275 125 984 983 62125280 49812160 47709168.202141 0.000000 0.000000
 276 126 1659 1659 64149128 57102680 69678665.595252 0.000000 0.000000
 277 127 1558 1557 66685972 56971732 66582805.523537 0.000000 0.000000
 278 128 1638 1640 59360008 56805136 64430651.786526 0.000000 0.000000
 279 129 1494 1494 69181480 56899928 59059646.262175 0.000000 0.000000
 286 130 1660 1660 67153664 51444248 65187530.199699 0.000000 0.000000
 287 131 1640 1640 70065160 56931736 55996639.113100 0.000000 0.000000
 288 132 1800 1802 77127448 65349544 64195949.303642 0.000000 0.000000
 289 133 1079 1077 59311932 53448540 44862667.915592 0.000000 0.000000
 290 134 996 995 63332680 50760040 44495174.801650 0.000000 0.000000
 297 135 1639 1639 65473256 56999824 59292021.865061 0.000000 0.000000
 298 136 1577 1576 65076132 56508972 61484783.918306 0.000000 0.000000
 299 137 1658 1660 61442256 56723008 59961321.071918 0.000000 0.000000
 300 138 1476 1476 66467408 56231992 58270700.885946 0.000000 0.000000
 301 139 1640 1640 74003680 50831344 60324598.810580 0.000000 0.000000
 308 140 1640 1640 69055376 56353760 64006396.204937 0.000000 0.000000
 309 141 1822 1824 72244344 64581144 60386604.232143 0.000000 0.000000
 310 142 1066 1064 56747956 53002036 43260230.111561 0.000000 0.000000
 311 143 984 983 60603120 50212304 44563849.793111 0.000000 0.000000
 312 144 746 747 45149860 35876700 31805814.858622 0.000000 0.000000
 319 145 1092 1092 58860916 49799220 40812036.608111 0.000000 0.000000
 320 146 838 840 39687368 35748944 28487310.361715 0.000000 0.000000
 321 147 1092 1092 59739684 49730420 39812886.979210 0.000000 0.000000
 322 148 924 924 59926972 38208220 36319778.125580 0.000000 0.000000
 323 149 1680 1680 78759320 58174984 57878805.336123 0.000000 0.000000
 330 150 1016 1020 50632304 45412104 33027699.130583 0.000000 0.000000
 331 151 1092 1090 62110516 54300740 46375399.330223 0.000000 0.000000
 332 152 1008 1007 65392112 51569160 44367693.296503 0.000000 0.000000
 333 153 1175 1176 66344984 49997376 47220168.517130 0.000000 0.000000
 334 154 1092 1092 57612204 49588708 56516437.998338 0.000000 0.000000
 341 155 1258 1260 58032692 49622084 48708589.510697 0.000000 0.000000
 342 156 1092 1092 59924156 49449124 49275565.330504 0.000000 0.000000
 343 157 1680 1680 67767608 51861208 64253637.418727 0.000000 0.000000
 344 158 1660 1660 70534632 57384424 64810575.028952 0.000000 0.000000
 345 159 1822 1824 73839304 65706248 59285836.724459 0.000000 0.000000
 352 160 1092 1090 59382452 54018116 53761706.471340 0.000000 0.000000
 353 161 1008 1007 62253464 51062984 54308918.332288 0.000000 0.000000
 354 162 764 765 48295076 35973708 24113308.574855 0.000000 0.000000
 355 163 1092 1092 62229588 50222884 47482723.646684 0.000000 0.000000
 356 164 502 504 30365024 26507680 21394736.878367 0.000000 0.000000
 363 165 595 595 54485860 43098716 28419438.255703 0.000000 0.000000
 364 166 1103 1105 58529500 38438908 31543262.037570 0.000000 0.000000
 365 167 1680 1680 83838136 58345240 55593853.873595 0.000000 0.000000
 366 168 752 756 44928876 38695124 27116742.771459 0.000000 0.000000
 367 169 765 763 51326852 50358260 31246440.288320 0.000000 0.000000
 374 170 680 679 59325048 46006080 45308030.650115 0.000000 0.000000
 375 171 1341 1344 63419528 50082928 50906873.727740 0.000000 0.000000
 376 172 1092 1092 60048268 49515268 45096106.277655 0.000000 0.000000
 377 173 763 765 48926748 40353492 35671489.358512 0.000000 0.000000
 378 174 588 588 52891500 42637980 33121569.298393 0.000000 0.000000
 385 175 1846 1848 69890160 52029472 60558188.617917 0.000000 0.000000
 386 176 1680 1680 82424128 57512184 59964783.388409 0.000000 0.000000
 387 177 1340 1342 71178216 59358104 48260798.283280 0.000000 0.000000
 388 178 756 754 49795172 49876372 33760262.188766 0.000000 0.000000
 389 179 672 671 54110888 45472728 36056595.326385 0.000000 0.000000
 396 180 1173 1176 54204816 43825888 37806707.579567 0.000000 0.000000
 397 181 1596 1595 73592828 57936548 55158187.545466 0.000000 0.000000
 398 182 1103 1105 44554428 43762756 32164033.641224 0.000000 0.000000
 399 183 1512 1512 66373848 57761208 53686026.218843 0.000000 0.000000
 400 184 913 913 52738956 37821620 37278916.142083 0.000000 0.000000
 407 185 1660 1660 73932456 57823624 64513586.136492 0.000000 0.000000
 408 186 1004 1008 50017728 45189080 41486937.681814 0.000000 0.000000
 409 187 1092 1090 55680516 54119900 50944576.243317 0.000000 0.000000
 410 188 1008 1007 62280304 51296568 47918295.294576 0.000000 0.000000
 411 189 1679 1679 73089000 57804104 69037552.178537 0.000000 0.000000
 418 190 1577 1576 68306996 56947196 70150403.581950 0.000000 0.000000
 419 191 1658 1660 62502736 57390792 69293016.043998 0.000000 0.000000
 420 192 1494 1494 63380336 56956272 68016292.504347 0.000000 0.000000
 421 193 1680 1680 70381296 51690552 69696339.714640 0.000000 0.000000
 422 194 1660 1660 71390896 57252352 70295176.402080 0.000000 0.000000
 429 195 1822 1824 79952336 65703664 63123566.788127 0.000000 0.000000
 430 196 1092 1090 55958676 53797020 56848221.355448 0.000000 0.000000
 431 197 1008 1007 57630016 51028808 52914101.561307 0.000000 0.000000
 432 198 1019 1020 57044088 44020736 41299334.353432 0.000000 0.000000
 433 199 1596 1595 67113564 58286532 64105853.101181 0.000000 0.000000
 440 200 670 671 38961064 34439552 27449294.478870 0.000000 0.000000
 441 201 765 765 65308644 51088532 45408749.640788 0.000000 0.000000
 442 202 1090 1092 51086052 38291180 32735498.996716 0.000000 0.000000
 443 203 1680 1680 78103936 58176344 62214922.487711 0.000000 0.000000
 444 204 752 756 46727052 38688340 28569636.035254 0.000000 0.000000
 451 205 849 848 63289632 50357768 49783862.924783 0.000000 0.000000
 452 206 680 679 59813688 46006080 47156299.970552 0.000000 0.000000
 453 207 1845 1847 66732952 57977248 76352461.343302 0.000000 0.000000
 454 208 1596 1595 64201676 57390356 82483214.234628 0.000000 0.000000
 455 209 1006 1007 54100200 48354816 61408132.280190 0.000000 0.000000
 462 210 756 756 61177236 50429404 56303048.364037 0.000000 0.000000
 463 211 1846 1848 65364648 52028472 73182546.631764 0.000000 0.000000
 464 212 1680 1680 72117456 57383064 73598542.077283 0.000000 0.000000
 465 213 1340 1342 67795688 59154416 58171817.851031 0.000000 0.000000
 466 214 839 838 56314624 49698240 38635480.754980 0.000000 0.000000
 473 215 664 663 49736096 45377864 36827458.138155 0.000000 0.000000
 474 216 1341 1344 60107632 49814296 39490476.017733 0.000000 0.000000
 475 217 1092 1092 55851444 49612948 40941957.736703 0.000000 0.000000
 476 218 1258 1260 50055564 49401148 38043231.591091 0.000000 0.000000
 477 219 1079 1079 52865796 49377076 34486428.484789 0.000000 0.000000
 484 220 1660 1660 64436696 51756320 61139756.331575 0.000000 0.000000
 485 221 1660 1660 69459264 57545528 63060922.330185 0.000000 0.000000
 486 222 1844 1846 72880656 65746888 65671061.292307 0.000000 0.000000
 487 223 1079 1077 54648532 53637180 36514420.209321 0.000000 0.000000
 488 224 996 995 57524544 50940584 43378928.324031 0.000000 0.000000
 495 225 1161 1162 55664208 49386936 40342251.164944 0.000000 0.000000
 496 226 1066 1066 53903756 48476948 33123734.809332 0.000000 0.000000
 497 227 1243 1245 49526828 48843924 37257591.871075 0.000000 0.000000
 498 228 1066 1066 50356532 48412860 38603092.510897 0.000000 0.000000
 499 229 1660 1660 63655320 51226904 54500478.255443 0.000000 0.000000
 506 230 1640 1640 68474192 56445288 57451845.064498 0.000000 0.000000
 507 231 1800 1802 69141640 64633256 58165495.212916 0.000000 0.000000
 508 232 1066 1064 52906556 52874972 43867443.606498 0.000000 0.000000
 509 233 984 983 53189960 50083544 42278753.212031 0.000000 0.000000
 510 234 1161 1162 57930776 49646840 46710436.717570 0.000000 0.000000
 517 235 1079 1079 58184260 49357900 36248230.491402 0.000000 0.000000
 518 236 745 747 45136028 39965396 32655710.739298 0.000000 0.000000
 519 237 581 581 46418988 42308764 29743193.133830 0.000000 0.000000
 520 238 1824 1826 67457648 51925832 72326581.783802 0.000000 0.000000
 521 239 1660 1660 68545928 57193824 70152271.870980 0.000000 0.000000
 528 240 1324 1326 63056824 58892632 56292114.114509 0.000000 0.000000
 529 241 747 745 46795764 49323652 44614098.588206 0.000000 0.000000
 530 242 664 663 50965032 45071152 43370027.394272 0.000000 0.000000
 531 243 1325 1328 59141080 49120200 48892324.568786 0.000000 0.000000
 532 244 1066 1066 54164924 48643252 45872413.270305 0.000000 0.000000
 539 245 745 747 46169724 39459236 32017584.502553 0.000000 0.000000
 540 246 574 574 45254324 41769404 31691523.877277 0.000000 0.000000
 541 247 1802 1804 60103640 51155720 65705304.897569 0.000000 0.000000
 542 248 1640 1640 65336904 56110352 70095207.923623 0.000000 0.000000
 543 249 1308 1310 61335832 57919816 55907854.929273 0.000000 0.000000
 550 250 738 736 50349972 48656836 37024878.283680 0.000000 0.000000
 551 251 656 655 48400328 44361096 35718802.015568 0.000000 0.000000
 552 252 1801 1803 64515792 57270264 56917868.495931 0.000000 0.000000
 553 253 1577 1576 62046820 57155468 63339958.461156 0.000000 0.000000
 554 254 1658 1660 58853952 56967312 62014784.004603 0.000000 0.000000
 561 255 1494 1494 60992856 57054528 54769254.630609 0.000000 0.000000
 562 256 1660 1660 61243800 51535416 63129289.684329 0.000000 0.000000
 563 257 1660 1660 70635896 57360456 64615998.479247 0.000000 0.000000
 564 258 1822 1824 68830536 65681752 60344063.564321 0.000000 0.000000
 565 259 1079 1077 57904964 53510540 38249241.878648 0.000000 0.000000
 572 260 996 995 54757832 50717896 52649578.791576 0.000000 0.000000
 573 261 1659 1659 60808616 57182016 57306655.763407 0.000000 0.000000
 574 262 1558 1557 58210524 56245068 52250724.050757 0.000000 0.000000
 575 263 1658 1660 58636512 56648472 54860822.411496 0.000000 0.000000
 576 264 1476 1476 62795080 55978648 50807308.357129 0.000000 0.000000
 583 265 1660 1660 61247432 51147544 55456131.911462 0.000000 0.000000
 584 266 1640 1640 68803640 56442928 59629488.828470 0.000000 0.000000
 585 267 1800 1802 67044384 64567960 56914325.771454 0.000000 0.000000
 586 268 1066 1064 54855772 52746636 42614283.195484 0.000000 0.000000
 587 269 984 983 56168112 49956952 43008979.698073 0.000000 0.000000
 594 270 1659 1659 61908520 57528824 55909688.695672 0.000000 0.000000
 595 271 1577 1576 60637812 57320876 54483413.483705 0.000000 0.000000
 596 272 994 995 49464608 47869992 42212417.415052 0.000000 0.000000
 597 273 747 747 62407868 50102660 37532046.529257 0.000000 0.000000
 598 274 1824 1826 63627048 51851824 65034009.096751 0.000000 0.000000
 605 275 1660 1660 65689128 57115816 60607411.096897 0.000000 0.000000
 606 276 1324 1326 62992072 58700304 46746284.862897 0.000000 0.000000
 607 277 829 828 49504664 49323416 38453253.080483 0.000000 0.000000
 608 278 664 663 53324496 45072384 34872618.702562 0.000000 0.000000
 609 279 1823 1825 62340856 56904480 62943267.700829 0.000000 0.000000
 616 280 1558 1557 60731068 56238164 51638659.471585 0.000000 0.000000
 617 281 982 983 49035816 47264640 36919068.086868 0.000000 0.000000
 618 282 738 738 59605996 49197508 37964230.425154 0.000000 0.000000
 619 283 1802 1804 65189680 51077720 59688326.031880 0.000000 0.000000
 620 284 1640 1640 65526176 56106992 57107355.978164 0.000000 0.000000
 627 285 1308 1310 63148888 57906504 42881258.007759 0.000000 0.000000
 628 286 819 818 49334352 48656600 33387349.608103 0.000000 0.000000
 629 287 656 655 51775744 44361096 31605128.436039 0.000000 0.000000
 630 288 817 820 37560768 36235592 20765953.140398 0.000000 0.000000
 631 289 996 995 50991656 50190616 36773367.956005 0.000000 0.000000
 638 290 913 913 42480964 43216444 28472106.757838 0.000000 0.000000
 639 291 1494 1494 61517024 57508280 52134229.853223 0.000000 0.000000
 640 292 498 498 37972128 31924872 24198624.783320 0.000000 0.000000
 641 293 913 913 55588644 48889900 43519112.205062 0.000000 0.000000
 642 294 838 840 45590688 45174976 33009379.844480 0.000000 0.000000
 649 295 1092 1090 53716268 54153212 41952620.133287 0.000000 0.000000
 650 296 1008 1007 59436504 51612624 46837489.204575 0.000000 0.000000
 651 297 1091 1091 52607348 50643740 37014001.896379 0.000000 0.000000
 652 298 1008 1007 50425232 50343000 35185049.619052 0.000000 0.000000
 653 299 1512 1512 55200496 57513248 50020128.111885 0.000000 0.000000
 660 300 1512 1512 62828504 57206496 60600863.263050 0.000000 0.000000
 661 301 924 924 55242468 45957868 39850193.151718 0.000000 0.000000
 662 302 924 924 60454364 48857484 52191070.128422 0.000000 0.000000
 663 303 1678 1678 67615824 65831136 57278831.970921 0.000000 0.000000
 664 304 1092 1090 55028420 54059188 52951248.223333 0.000000 0.000000
 671 305 1008 1007 58687088 51210216 55306295.890613 0.000000 0.000000
 672 306 1007 1008 49284952 43668216 34213231.869438 0.000000 0.000000
 673 307 1596 1595 61047004 57861156 50196996.885290 0.000000 0.000000
 674 308 1077 1079 40409460 42994556 32998321.481538 0.000000 0.000000
 675 309 1494 1494 62745176 57507048 46695033.842974 0.000000 0.000000
 682 310 924 924 49696460 38219740 34745285.691296 0.000000 0.000000
 683 311 1680 1680 71795464 58072256 56745540.524857 0.000000 0.000000
 684 312 992 996 46984736 45068240 33156170.411533 0.000000 0.000000
 685 313 1092 1090 52882836 54006500 39863739.404597 0.000000 0.000000
 686 314 1008 1007 55535248 51371360 43677549.808236 0.000000 0.000000
 693 315 1679 1679 68132416 58058344 58816351.874842 0.000000 0.000000
 694 316 1596 1595 63008564 57297204 65783556.464493 0.000000 0.000000
 695 317 1678 1680 58038984 57342728 57893081.556586 0.000000 0.000000
 696 318 1494 1494 63172160 57027120 58823078.230478 0.000000 0.000000
 697 319 1680 1680 67660840 52098176 62428668.210775 0.000000 0.000000
 704 320 1680 1680 68379376 57512440 78417642.664669 0.000000 0.000000
 705 321 1844 1846 68382416 65767048 63868164.676040 0.000000 0.000000
 706 322 1092 1090 53863772 53945668 58430783.229566 0.000000 0.000000
 707 323 1008 1007 58497160 51208296 55841185.169119 0.000000 0.000000
 708 324 671 672 38274552 36769752 27021666.025492 0.000000 0.000000
 715 325 1008 1007 56456912 50894936 32309965.481591 0.000000 0.000000
 716 326 935 935 41504076 43964220 27632084.236778 0.000000 0.000000
 717 327 1530 1530 62287400 58196984 45875010.584691 0.000000 0.000000
 718 328 340 340 29483328 26307584 14533443.254882 0.000000 0.000000
 719 329 680 680 49048096 43401200 27855236.464304 0.000000 0.000000
 726 330 516 516 42475768 39586008 22653154.573575 0.000000 0.000000
 727 331 1105 1103 53846228 55239412 39324112.072768 0.000000 0.000000
 728 332 602 602 54946636 42939476 31247746.306324 0.000000 0.000000
 729 333 1091 1091 50944692 50995572 37944314.384909 0.000000 0.000000
 730 334 1008 1007 53222464 50347672 40508457.635506 0.000000 0.000000
 737 335 1530 1530 57519368 57916888 49927258.846172 0.000000 0.000000
 738 336 1512 1512 62557480 57640296 58031447.404923 0.000000 0.000000
 739 337 680 680 46252568 40116432 26758614.049804 0.000000 0.000000
 740 338 672 672 45593728 42981760 38629851.646991 0.000000 0.000000
 741 339 1105 1104 69391116 60467132 51030905.240335 0.000000 0.000000
 748 340 1105 1103 54484196 54553148 46479597.068963 0.000000 0.000000
 749 341 595 595 48762132 42515516 33596923.801881 0.000000 0.000000
 750 342 1019 1020 50708344 44020944 34915378.875590 0.000000 0.000000
 751 343 1596 1595 62746180 58386092 55141513.417204 0.000000 0.000000
 752 344 1090 1092 43417620 43428644 36387765.033955 0.000000 0.000000
 759 345 1512 1512 62318680 57859280 53425943.467623 0.000000 0.000000
 760 346 595 595 38396364 32292604 21397595.156112 0.000000 0.000000
 761 347 1190 1190 57420448 52424624 43167045.304380 0.000000 0.000000
 762 348 504 504 41441368 39294056 24079854.744492 0.000000 0.000000
 763 349 1105 1103 58040836 54658916 45145184.213531 0.000000 0.000000
 770 350 595 595 47669508 42629756 32239102.464181 0.000000 0.000000
 771 351 1679 1679 65327080 58245528 58636053.891895 0.000000 0.000000
 772 352 1596 1595 63995084 57743060 57463791.732322 0.000000 0.000000
 773 353 1678 1680 60335720 57749912 51914141.917724 0.000000 0.000000
 774 354 1512 1512 67941296 57209464 53254947.005942 0.000000 0.000000
 781 355 1190 1190 50690160 46265640 41163329.481046 0.000000 0.000000
 782 356 1190 1190 57352256 51836616 46570932.417599 0.000000 0.000000
 783 357 1105 1104 64137092 60149180 43633810.523553 0.000000 0.000000
 784 358 1092 1090 57050212 54533708 42515462.246080 0.000000 0.000000
 785 359 595 595 50342740 42364700 31873287.030190 0.000000 0.000000
 792 360 1078 1078 54902316 50461020 34970857.865518 0.000000 0.000000
 793 361 996 995 51608200 49835792 38197488.498940 0.000000 0.000000
 794 362 1494 1494 59692608 56981976 50052185.745326 0.000000 0.000000
 795 363 1476 1476 62084376 56703392 48290525.042146 0.000000 0.000000
 796 364 924 924 51409116 45844900 41545502.083051 0.000000 0.000000
 803 365 913 913 56943676 48533468 41941821.931352 0.000000 0.000000
 804 366 1658 1658 70790280 65821184 66249090.364481 0.000000 0.000000
 805 367 1079 1077 58143996 53385068 42916685.566810 0.000000 0.000000
 806 368 996 995 57864216 50813296 40682341.786147 0.000000 0.000000
 807 369 1065 1065 50926956 49573364 42153119.308778 0.000000 0.000000
 814 370 972 971 50308608 48667952 34133835.981383 0.000000 0.000000
 815 371 1476 1476 55849752 56046712 48525012.292284 0.000000 0.000000
 816 372 1458 1458 63789096 55726704 48365835.178387 0.000000 0.000000
 817 373 902 902 51950940 45004436 37165849.923189 0.000000 0.000000
 818 374 891 891 53598772 47424396 36703047.376234 0.000000 0.000000
 825 375 1638 1638 67663600 64482976 55691120.324810 0.000000 0.000000
 826 376 1066 1064 54181604 52728180 43713417.797534 0.000000 0.000000
 827 377 984 983 56886560 50032744 46490848.774477 0.000000 0.000000
 828 378 1659 1659 63639656 57356032 58869125.905819 0.000000 0.000000
 829 379 1558 1557 58555724 56970236 57523267.777820 0.000000 0.000000
 836 380 1658 1660 57605440 56921232 55302003.312359 0.000000 0.000000
 837 381 1494 1494 63640584 56801976 54674551.027012 0.000000 0.000000
 838 382 1660 1660 64717848 51929952 56686777.957968 0.000000 0.000000
 839 383 1660 1660 67186120 57115824 61215514.563282 0.000000 0.000000
 840 384 1822 1824 68159192 65683112 56157323.803378 0.000000 0.000000
 847 385 1079 1077 53863268 53446412 55295045.244888 0.000000 0.000000
 848 386 996 995 56926352 50739640 55291946.313491 0.000000 0.000000
 849 387 1639 1639 63458776 56648416 62617804.575506 0.000000 0.000000
 850 388 1558 1557 58989276 56157612 57536804.073034 0.000000 0.000000
 851 389 1638 1640 56155712 56542224 64804529.302948 0.000000 0.000000
 858 390 1476 1476 61790648 55976960 54615596.061100 0.000000 0.000000
 859 391 1640 1640 65838176 51000592 57017359.352903 0.000000 0.000000
 860 392 1640 1640 65278992 56223664 59100539.347106 0.000000 0.000000
 861 393 1800 1802 67022440 64294616 60970573.310555 0.000000 0.000000
 862 394 1066 1064 53574172 52518292 42278896.404343 0.000000 0.000000
 869 395 972 971 56995480 49791568 43668343.154474 0.000000 0.000000
 870 396 1078 1078 55153900 50644724 39559680.664425 0.000000 0.000000
 871 397 996 995 51111024 50020080 35510022.626114 0.000000 0.000000
 872 398 1512 1512 61894688 57335384 45662675.025298 0.000000 0.000000
 873 399 1494 1494 59930232 57223448 45721258.558486 0.000000 0.000000
 880 400 672 672 47522104 39744240 39361638.741537 0.000000 0.000000
 881 401 664 664 48406616 42600904 45612097.360379 0.000000 0.000000
 882 402 1092 1091 63527948 60101316 50994761.383485 0.000000 0.000000
 883 403 1079 1077 54958468 53933996 41874557.269718 0.000000 0.000000
 884 404 588 588 48848620 41908484 26961845.571574 0.000000 0.000000
 891 405 1065 1065 50773844 49924940 56116683.914391 0.000000 0.000000
 892 406 984 983 48260096 49019200 45746351.810615 0.000000 0.000000
 893 407 1494 1494 55097640 56511800 62705050.873569 0.000000 0.000000
 894 408 1476 1476 60399720 56242576 64429243.272497 0.000000 0.000000
 895 409 664 664 44588088 39145344 31679331.916876 0.000000 0.000000
 902 410 656 656 47682440 41941912 35665772.536160 0.000000 0.000000
 903 411 1079 1078 62423788 59012804 46389178.660523 0.000000 0.000000
 904 412 1079 1077 54752660 53313404 40994872.796413 0.000000 0.000000
 905 413 581 581 48027556 41562428 28034068.093967 0.000000 0.000000
 906 414 1679 1679 65258696 57709544 88674582.524736 0.000000 0.000000
 913 415 1577 1576 59485732 57324460 104405973.061840 0.000000 0.000000
 914 416 1658 1660 55537816 57303024 78654547.758723 0.000000 0.000000
 915 417 1494 1494 62976104 56886232 71278516.911828 0.000000 0.000000
 916 418 1176 1176 53501392 46010128 75543925.154486 0.000000 0.000000
 917 419 1162 1162 60550272 51405560 53022564.579720 0.000000 0.000000
 924 420 1092 1091 64230380 59770740 59908596.655530 0.000000 0.000000
 925 421 1079 1077 51822652 53626724 46838078.729036 0.000000 0.000000
 926 422 581 581 48163708 41779724 33566854.100761 0.000000 0.000000
 927 423 1639 1639 62133264 56998720 86258167.637718 0.000000 0.000000
 928 424 1558 1557 61533644 56160316 80290512.965941 0.000000 0.000000
 935 425 1638 1640 55828328 56275360 66934834.069959 0.000000 0.000000
 936 426 1458 1458 61953448 55533296 64489258.238121 0.000000 0.000000
 937 427 1162 1162 51821376 44912352 42551226.225734 0.000000 0.000000
 938 428 1148 1148 55701536 50475408 47380138.040266 0.000000 0.000000
 939 429 1066 1065 61165164 58374596 46383057.481492 0.000000 0.000000
 946 430 1053 1051 55623476 52569292 43609213.602407 0.000000 0.000000
 947 431 574 574 48041844 40823012 32013845.774737 0.000000 0.000000
 948 432 983 984 48581096 43303456 30236359.882660 0.000000 0.000000
 949 433 1577 1576 60458628 57330660 55755072.050493 0.000000 0.000000
 950 434 1077 1079 42472412 43217172 35520191.001034 0.000000 0.000000
 957 435 1494 1494 65737232 57507056 56349054.273396 0.000000 0.000000
 958 436 913 913 52116492 37744836 36924591.816016 0.000000 0.000000
 959 437 1660 1660 67814176 57823992 64860991.761405 0.000000 0.000000
 960 438 1004 1008 46936288 45110640 37118207.057785 0.000000 0.000000
 961 439 1092 1090 57911092 54153036 45396755.197223 0.000000 0.000000
 968 440 1008 1007 58306056 51516720 49043485.427526 0.000000 0.000000
 969 441 1679 1679 64787448 57718824 59729574.857857 0.000000 0.000000
 970 442 1577 1576 59905708 57296324 59287513.375337 0.000000 0.000000
 971 443 1678 1680 58803048 57448352 56342045.671123 0.000000 0.000000
 972 444 1512 1512 67169296 57039912 56307587.466232 0.000000 0.000000
 979 445 1680 1680 65776520 51928264 63576193.995445 0.000000 0.000000
 980 446 1680 1680 68893944 57435432 65229683.037987 0.000000 0.000000
 981 447 1844 1846 68777304 65683792 57745922.649180 0.000000 0.000000
 982 448 1092 1090 55365060 53986404 46180336.196055 0.000000 0.000000
 983 449 1008 1007 63539936 51136808 46475509.989681 0.000000 0.000000
 990 450 1007 1008 52935744 43839608 32696023.165199 0.000000 0.000000
 991 451 1596 1595 62874708 58031140 56881108.261897 0.000000 0.000000
 992 452 678 679 35057416 34418400 27529500.361220 0.000000 0.000000
 993 453 765 765 62714228 51159500 39020983.867366 0.000000 0.000000
 994 454 1090 1092 54343356 38361092 38312729.930340 0.000000 0.000000
 1001 455 1680 1680 69344888 57904344 66188913.940577 0.000000 0.000000
 1002 456 761 765 42884556 38515348 33244212.832453 0.000000 0.000000
 1003 457 839 838 49988968 50305016 39997766.162265 0.000000 0.000000
 1004 458 672 671 54458496 45979784 32947698.441497 0.000000 0.000000
 1005 459 1845 1847 68476168 57795432 73020990.434809 0.000000 0.000000
 1012 460 1577 1576 64340900 57294868 68064359.911487 0.000000 0.000000
 1013 461 1006 1007 52146104 48148976 50174118.570471 0.000000 0.000000
 1014 462 747 747 59327836 49985124 41891730.298466 0.000000 0.000000
 1015 463 1824 1826 69342008 51929728 68247338.493641 0.000000 0.000000
 1016 464 1660 1660 71254976 57162680 70286351.001261 0.000000 0.000000
 1023 465 1340 1342 62639800 58706296 47725394.751051 0.000000 0.000000
 1024 466 829 828 49206712 49395120 42161838.993479 0.000000 0.000000
 1025 467 664 663 55909336 45046112 42668802.422856 0.000000 0.000000
 1026 468 1159 1162 51714032 43741096 39260335.251157 0.000000 0.000000
 1027 469 1596 1595 64874076 57769012 52116539.622817 0.000000 0.000000
 1034 470 1090 1092 40765444 43648804 28650200.854268 0.000000 0.000000
 1035 471 1512 1512 61638832 57860520 51881118.055256 0.000000 0.000000
 1036 472 588 588 39633420 31899356 23699406.338498 0.000000 0.000000
 1037 473 1176 1176 61030760 52200080 43073946.920705 0.000000 0.000000
 1038 474 510 510 45172056 39322040 26740247.396148 0.000000 0.000000
 1045 475 1105 1103 58359484 54785812 41762692.891068 0.000000 0.000000
 1046 476 595 595 48246044 42757820 37481825.469056 0.000000 0.000000
 1047 477 1679 1679 70748952 58156832 59268077.230263 0.000000 0.000000
 1048 478 1596 1595 63274204 57477228 81190503.282063 0.000000 0.000000
 1049 479 1678 1680 61911568 57716040 55814716.323629 0.000000 0.000000
 1056 480 1512 1512 62415448 57207744 70311170.343899 0.000000 0.000000
 1057 481 1190 1190 59085400 45927728 47820811.907482 0.000000 0.000000
 1058 482 1176 1176 62625184 51730272 65946147.049338 0.000000 0.000000
 1059 483 1105 1104 73641020 60022844 46573457.892045 0.000000 0.000000
 1060 484 1092 1090 57029956 54319908 53018257.189063 0.000000 0.000000
 1067 485 588 588 46465356 42311108 48276881.040545 0.000000 0.000000
 1068 486 1019 1020 55064536 44020736 32942630.183726 0.000000 0.000000
 1069 487 1596 1595 65874604 58384268 47577455.073420 0.000000 0.000000
 1070 488 678 679 39307976 34632992 19795746.032876 0.000000 0.000000
 1071 489 765 765 61517532 51161836 36735635.137470 0.000000 0.000000
 1078 490 763 765 37917436 32363652 19533811.683917 0.000000 0.000000
 1079 491 1190 1190 65484048 52423992 38902054.540814 0.000000 0.000000
 1080 492 344 344 40580488 33683760 17821355.492075 0.000000 0.000000
 1081 493 849 848 53799488 50974496 31345831.413844 0.000000 0.000000
 1082 494 430 430 46960108 38601668 24348940.735866 0.000000 0.000000
 1089 495 1679 1679 72159992 58060864 49284462.015516 0.000000 0.000000
 1090 496 1596 1595 63273212 57297468 62815658.332243 0.000000 0.000000
 1091 497 1006 1007 54085160 48214552 36692694.495304 0.000000 0.000000
 1092 498 747 747 64135324 50333924 44536775.721101 0.000000 0.000000
 1093 499 1358 1360 52738576 46097216 45669723.319140 0.000000 0.000000
 1100 500 1176 1176 64853344 51509032 39932515.572254 0.000000 0.000000
 1101 501 765 764 65971396 54361956 37702538.769074 0.000000 0.000000
 1102 502 839 838 55361816 50010680 33505183.424762 0.000000 0.000000
 1103 503 420 420 43934228 38081996 23132963.237159 0.000000 0.000000
 1104 504 1659 1659 64158264 57352616 66858122.614196 0.000000 0.000000
 1111 505 1577 1576 66984340 56972372 61426915.609924 0.000000 0.000000
 1112 506 1658 1660 59367240 56982976 58115397.102697 0.000000 0.000000
 1113 507 1476 1476 63581104 56703408 52769343.062480 0.000000 0.000000
 1114 508 1660 1660 65091976 51685616 65502520.284246 0.000000 0.000000
 1115 509 1640 1640 67808728 57084376 60929123.457089 0.000000 0.000000
 1122 510 1822 1824 76218280 65432736 60683372.285717 0.000000 0.000000
 1123 511 1066 1064 55073876 52974996 48468264.762861 0.000000 0.000000
 1124 512 984 983 58892840 50312672 48475170.176353 0.000000 0.000000
 1125 513 1639 1639 61542136 56913304 64901488.578236 0.000000 0.000000
 1126 514 1558 1557 59797924 55977364 60837479.985874 0.000000 0.000000
 1133 515 1638 1640 59430024 56216232 51385117.946493 0.000000 0.000000
 1134 516 1476 1476 65729624 55808768 58371592.615167 0.000000 0.000000
 1135 517 1640 1640 63197176 50594632 56211206.040615 0.000000 0.000000
 1136 518 1620 1620 64247616 55978008 59892597.418974 0.000000 0.000000
 1137 519 1778 1780 74037208 64165160 55507279.440849 0.000000 0.000000
 1144 520 1066 1064 55679444 52693868 49640020.273767 0.000000 0.000000
 1145 521 984 983 56149712 49810952 50489127.847125 0.000000 0.000000
 1146 522 1659 1659 64550152 57102680 60852033.159421 0.000000 0.000000
 1147 523 1558 1557 59536140 56970492 53601943.041524 0.000000 0.000000
 1148 524 982 983 52993624 47632056 46303481.237884 0.000000 0.000000
 1155 525 747 747 64586356 50017172 41848430.782760 0.000000 0.000000
 1156 526 1824 1826 65508856 51444784 66865581.815332 0.000000 0.000000
 1157 527 1640 1640 68447000 56930376 59581555.788214 0.000000 0.000000
 1158 528 1308 1310 61571600 58557832 57511118.396506 0.000000 0.000000
 1159 529 829 828 54224216 49137128 35544576.697029 0.000000 0.000000
 1166 530 664 663 53346392 44891872 46250119.816373 0.000000 0.000000
 1167 531 1801 1803 64707064 56733144 52153866.472813 0.000000 0.000000
 1168 532 1558 1557 58855308 56069380 57234767.878755 0.000000 0.000000
 1169 533 994 995 59499600 47179152 43332290.108071 0.000000 0.000000
 1170 534 738 738 61946612 49366436 40190665.897535 0.000000 0.000000
 1177 535 1802 1804 64944912 50761512 54955667.163082 0.000000 0.000000
 1178 536 1640 1640 67543736 56108104 59921544.608778 0.000000 0.000000
 1179 537 1308 1310 61980616 57982264 45603301.977699 0.000000 0.000000
 1180 538 819 818 55149048 48792856 36416484.503805 0.000000 0.000000
 1181 539 656 655 55588736 44490120 35533606.029772 0.000000 0.000000
 1188 540 1823 1825 66123872 57621816 60655545.368400 0.000000 0.000000
 1189 541 1577 1576 63815172 56972364 58509684.678180 0.000000 0.000000
 1190 542 1658 1660 59302744 57046768 56460351.825617 0.000000 0.000000
 1191 543 1476 1476 68423768 56704640 53337578.978882 0.000000 0.000000
 1192 544 1176 1176 55317592 45763304 51151224.285967 0.000000 0.000000
 1199 545 1162 1162 58793088 51182624 53201497.946147 0.000000 0.000000
 1200 546 1092 1091 64032132 59570276 52836101.056382 0.000000 0.000000
 1201 547 1079 1077 58587636 53638308 50803303.422575 0.000000 0.000000
 1202 548 581 581 51231324 41907092 32568379.413440 0.000000 0.000000
 1203 549 1639 1639 67488472 56643728 65128258.144367 0.000000 0.000000
 1210 550 1539 1538 59826332 55542932 51210705.326121 0.000000 0.000000
 1211 551 1638 1640 57369848 56110280 50468260.827797 0.000000 0.000000
 1212 552 1458 1458 63291896 55725616 50255944.045083 0.000000 0.000000
 1213 553 1148 1148 52704928 44741696 41995401.803431 0.000000 0.000000
 1214 554 1134 1134 59190120 49954176 38213456.691261 0.000000 0.000000
 1221 555 1079 1078 63715868 58427348 45332168.054729 0.000000 0.000000
 1222 556 1066 1064 54582220 52851828 42766883.727565 0.000000 0.000000
 1223 557 574 574 51827340 41229956 32598464.688209 0.000000 0.000000
 1224 558 1659 1659 65327640 57354952 62827759.887898 0.000000 0.000000
 1225 559 1558 1557 62430172 56971340 60803286.731959 0.000000 0.000000
 1232 560 994 995 51494624 47698872 37244273.362693 0.000000 0.000000
 1233 561 747 747 64376964 50187196 39839801.866680 0.000000 0.000000
 1234 562 1326 1328 54120496 45762136 42966454.417729 0.000000 0.000000
 1235 563 1162 1162 60580016 50938728 46833007.472717 0.000000 0.000000
 1236 564 756 755 63265668 53736124 34885162.154170 0.000000 0.000000
 1243 565 829 828 47951944 49572032 43068899.840981 0.000000 0.000000
 1244 566 415 415 46892004 37674556 34048425.871128 0.000000 0.000000
 1245 567 1639 1639 65535912 56730424 54303549.443240 0.000000 0.000000
 1246 568 1558 1557 63285092 55988428 57357747.863019 0.000000 0.000000
 1247 569 994 995 49735400 47243632 43690905.218846 0.000000 0.000000
 1254 570 738 738 57346964 49633180 46741567.601657 0.000000 0.000000
 1255 571 1310 1312 56369672 44980344 44345929.501046 0.000000 0.000000
 1256 572 1148 1148 58566216 50359256 45887258.983666 0.000000 0.000000
 1257 573 747 746 58717292 53178940 42079776.632361 0.000000 0.000000
 1258 574 829 828 51135120 49227528 32821798.359552 0.000000 0.000000
 1265 575 415 415 45395740 37437812 26469742.601599 0.000000 0.000000
 1266 576 746 747 48958500 42181108 26801158.822533 0.000000 0.000000
 1267 577 664 664 47012896 42089368 23856397.528025 0.000000 0.000000
 1268 578 1079 1079 52856860 49076188 38118332.300494 0.000000 0.000000
 1269 579 1066 1066 52992508 48772900 35189132.672750 0.000000 0.000000
 1276 580 902 902 58128508 45184956 39329072.299610 0.000000 0.000000
 1277 581 902 902 64554332 48235772 37693864.432262 0.000000 0.000000
 1278 582 1658 1658 78557360 65164440 61642390.219140 0.000000 0.000000
 1279 583 1066 1064 54841268 53288260 41077385.810935 0.000000 0.000000
 1280 584 996 995 55612344 50439952 50460432.571768 0.000000 0.000000
 1287 585 746 747 52205092 42192740 27861787.891775 0.000000 0.000000
 1288 586 664 664 46806720 41828336 31031236.874744 0.000000 0.000000
 1289 587 1066 1066 51453620 48439620 39767927.165963 0.000000 0.000000
 1290 588 1066 1066 57977348 48242356 52325349.831680 0.000000 0.000000
 1291 589 913 913 52103724 45249420 39524147.151568 0.000000 0.000000
 1298 590 913 913 68325572 48157372 45882941.715807 0.000000 0.000000
 1299 591 1638 1638 72743456 64346736 54218002.085798 0.000000 0.000000
 1300 592 1066 1064 57033588 52855076 63094260.843182 0.000000 0.000000
 1301 593 984 983 56816512 50065392 57599666.721451 0.000000 0.000000
 1302 594 1161 1162 56881600 49132992 45515253.025860 0.000000 0.000000
 1309 595 1066 1066 60689748 48749964 36169003.428652 0.000000 0.000000
 1310 596 1228 1230 53260012 48445892 42931817.212742 0.000000 0.000000
 1311 597 1066 1066 53851028 48347516 40962895.761247 0.000000 0.000000
 1312 598 1660 1660 64430224 51439904 61495151.248340 0.000000 0.000000
 1313 599 1640 1640 75628344 56876336 62923618.148179 0.000000 0.000000
 1320 600 1800 1802 72536760 64679624 54561690.703312 0.000000 0.000000
 1321 601 1066 1064 55482684 52837204 47663379.239233 0.000000 0.000000
 1322 602 984 983 54814608 50183288 38398181.496558 0.000000 0.000000
 1323 603 1133 1134 56062128 48523112 51698035.317331 0.000000 0.000000
 1324 604 1053 1053 58115844 47870588 51269486.587034 0.000000 0.000000
 1331 605 1213 1215 55173884 47865900 41020136.820462 0.000000 0.000000
 1332 606 1040 1040 55311988 47291124 47458558.141658 0.000000 0.000000
 1333 607 1640 1640 64427472 50514368 49186728.472524 0.000000 0.000000
 1334 608 1620 1620 65696352 55797152 61042930.299165 0.000000 0.000000
 1335 609 1778 1780 74978376 63564320 62021144.898346 0.000000 0.000000
 1342 610 1040 1038 53784308 51909268 45014945.283643 0.000000 0.000000
 1343 611 972 971 54299616 49106536 42483448.328082 0.000000 0.000000
 1344 612 1052 1052 50726148 49479236 32602446.537988 0.000000 0.000000
 1345 613 984 983 55495408 49302704 38127916.740426 0.000000 0.000000
 1346 614 1476 1476 62047808 56405032 48920138.887903 0.000000 0.000000
 1353 615 1476 1476 64028584 56449728 51128318.006865 0.000000 0.000000
 1354 616 891 891 52429316 44545188 36487202.437117 0.000000 0.000000
 1355 617 891 891 54586044 47691436 37189555.988878 0.000000 0.000000
 1356 618 1638 1638 72392704 64494784 52753102.069729 0.000000 0.000000
 1357 619 1066 1064 58377172 52921972 37861474.716024 0.000000 0.000000
 1364 620 984 983 59080008 50165440 46351553.102002 0.000000 0.000000
 1365 621 1065 1065 52493516 49841460 35568854.285629 0.000000 0.000000
 1366 622 996 995 61268496 49641856 33235542.505107 0.000000 0.000000
 1367 623 1476 1476 59128736 56272288 42599708.226180 0.000000 0.000000
 1368 624 1476 1476 63571048 55978648 46239296.744191 0.000000 0.000000
 1375 625 902 902 55662940 45002100 30953428.025077 0.000000 0.000000
 1376 626 913 913 59076956 47913708 34327816.889906 0.000000 0.000000
 1377 627 1638 1638 74534400 64161624 47200042.109398 0.000000 0.000000
 1378 628 1066 1064 58479396 52855076 38251204.946056 0.000000 0.000000
 1379 629 984 983 61554048 50065392 38578983.912057 0.000000 0.000000
 1386 630 1659 1659 66511384 56913976 50197056.602414 0.000000 0.000000
 1387 631 1558 1557 59982156 56785844 48044607.752907 0.000000 0.000000
 1388 632 1638 1640 61058336 56247960 52121197.416487 0.000000 0.000000
 1389 633 1476 1476 66302648 56097368 47605281.667940 0.000000 0.000000
 1390 634 1640 1640 64386064 51121904 54719597.746807 0.000000 0.000000
 1397 635 1640 1640 67552600 56654392 54592690.714837 0.000000 0.000000
 1398 636 1800 1802 70410392 64606184 58195402.409972 0.000000 0.000000
 1399 637 1066 1064 59602636 52772876 42257022.399483 0.000000 0.000000
 1400 638 984 983 57804136 50110600 40840557.030625 0.000000 0.000000
 1401 639 1639 1639 64935192 56390344 57163731.702264 0.000000 0.000000
 1408 640 1539 1538 61957940 55795164 51983082.957338 0.000000 0.000000
 1409 641 1618 1620 57181936 55822088 49418236.574750 0.000000 0.000000
 1410 642 1458 1458 64345752 55025424 50824844.156943 0.000000 0.000000
 1411 643 1640 1640 64557896 50513880 51450288.896988 0.000000 0.000000
 1412 644 1620 1620 67148176 55797152 57414181.268823 0.000000 0.000000
 1419 645 1778 1780 71282824 63562440 50526762.364406 0.000000 0.000000
 1420 646 1053 1051 56808692 51835492 44023799.519887 0.000000 0.000000
 1421 647 960 959 55347656 49165552 41822857.749683 0.000000 0.000000
 1422 648 737 738 47959324 42194236 32068947.221872 0.000000 0.000000
 1423 649 664 664 51238632 41750704 30080209.938305 0.000000 0.000000
 1430 650 1066 1066 55241740 48356596 33702250.443433 0.000000 0.000000
 1431 651 1066 1066 56156180 48419092 40075109.266574 0.000000 0.000000
 1432 652 913 913 54487796 45357532 29993606.015751 0.000000 0.000000
 1433 653 902 902 58217012 48075292 40123297.574715 0.000000 0.000000
 1434 654 1638 1638 77821840 64341056 50892072.342937 0.000000 0.000000
 1441 655 1053 1051 56349412 52650236 55211915.126258 0.000000 0.000000
 1442 656 972 971 57381640 50031440 38578200.614566 0.000000 0.000000
 1443 657 737 738 47457740 42097260 36380033.395275 0.000000 0.000000
 1444 658 415 415 31338348 28155556 27837905.092715 0.000000 0.000000
 1445 659 1066 1066 59978116 48293628 49867089.565280 0.000000 0.000000
 1452 660 656 656 40936536 34912264 28994499.359018 0.000000 0.000000
 1453 661 902 902 54028412 45100644 36215947.642357 0.000000 0.000000
 1454 662 581 581 45070452 34364252 27541068.864596 0.000000 0.000000
 1455 663 1538 1537 82269404 63835284 48267965.063320 0.000000 0.000000
 1456 664 656 654 45131016 42773848 21349191.732677 0.000000 0.000000
 1463 665 574 573 47649644 39910292 30371374.800820 0.000000 0.000000
 1464 666 1133 1134 55711408 48171112 37418460.065671 0.000000 0.000000
 1465 667 1053 1053 54823772 48237212 32685204.877922 0.000000 0.000000
 1466 668 1198 1200 60513932 47234380 36955990.915438 0.000000 0.000000
 1467 669 1040 1040 57663092 47657236 32543607.537609 0.000000 0.000000
 1474 670 1620 1620 65563272 50577264 52457176.896740 0.000000 0.000000
 1475 671 1640 1640 68527672 56117472 46564756.368234 0.000000 0.000000
 1476 672 1756 1758 72891312 63440760 47458571.458472 0.000000 0.000000
 1477 673 1053 1051 60763388 52071548 38856391.035780 0.000000 0.000000
 1478 674 972 971 60093504 49442104 40779209.077563 0.000000 0.000000
 1485 675 1133 1134 60380552 48523968 34053469.262757 0.000000 0.000000
 1486 676 656 656 40144336 34801112 18430877.961126 0.000000 0.000000
 1487 677 1133 1134 64878328 47869304 32620232.417658 0.000000 0.000000
 1488 678 656 656 41712800 34658480 26176619.391062 0.000000 0.000000
 1489 679 1640 1640 69825256 50530976 45243444.909973 0.000000 0.000000
 1496 680 1066 1066 53665188 42764020 29250737.097352 0.000000 0.000000
 1497 681 1618 1618 70817088 63491056 48669007.229149 0.000000 0.000000
 1498 682 656 654 49419720 42505600 27369456.414661 0.000000 0.000000
 1499 683 567 566 47031596 39689764 27831453.773389 0.000000 0.000000
 1500 684 1078 1078 57869404 49937412 37551934.351341 0.000000 0.000000
 1507 685 984 983 52449696 49736624 31208727.522222 0.000000 0.000000
 1508 686 1476 1476 61701384 56215320 51026469.579479 0.000000 0.000000
 1509 687 1476 1476 65154952 55905152 45527181.079663 0.000000 0.000000
 1510 688 913 913 59451636 45355548 34505937.293327 0.000000 0.000000
 1511 689 902 902 58821348 47998908 35997903.311871 0.000000 0.000000
 1518 690 1638 1638 72821136 64341056 53605782.918286 0.000000 0.000000
 1519 691 1053 1051 70257836 52595348 41427203.789016 0.000000 0.000000
 1520 692 972 971 56908216 49958064 40018676.019458 0.000000 0.000000
 1521 693 1065 1065 55868996 49491708 37756252.098110 0.000000 0.000000
 1522 694 656 655 38520864 35788096 24958639.711959 0.000000 0.000000
 1529 695 1458 1458 59481320 55859896 44404855.663208 0.000000 0.000000
 1530 696 891 891 52259804 42214244 32988288.726233 0.000000 0.000000
 1531 697 902 902 57845820 44931372 32511645.218409 0.000000 0.000000
 1532 698 574 574 46589404 34181788 24011496.496047 0.000000 0.000000
 1533 699 1538 1537 72955148 63436004 46571252.112443 0.000000 0.000000
 1540 700 648 646 45174808 42320096 23581586.453283 0.000000 0.000000
 1541 701 567 566 50389332 39558420 22895518.487153 0.000000 0.000000
 1542 702 1619 1619 66493504 55941944 50354629.576075 0.000000 0.000000
 1543 703 1539 1538 63848676 56003996 47073378.179252 0.000000 0.000000
 1544 704 1598 1600 55515624 55128000 51169255.509306 0.000000 0.000000
 1551 705 1440 1440 68780696 55128008 53994959.482795 0.000000 0.000000
 1552 706 1620 1620 67720936 50409912 54166246.430511 0.000000 0.000000
 1553 707 1620 1620 70788016 55842744 54920730.593305 0.000000 0.000000
 1554 708 1756 1758 70254664 63203576 57703400.834100 0.000000 0.000000
 1555 709 1040 1038 54370316 51657924 41082452.265799 0.000000 0.000000
 1562 710 960 959 59725440 49034368 44021385.709067 0.000000 0.000000
 1563 711 1619 1619 67317704 55950376 49479155.875774 0.000000 0.000000
 1564 712 972 971 48311896 42120872 30172722.255343 0.000000 0.000000
 1565 713 1519 1520 58641364 55051860 43941924.182146 0.000000 0.000000
 1566 714 880 880 49427572 41682764 28651150.751355 0.000000 0.000000
 1573 715 1620 1620 73631968 49956640 42697801.686226 0.000000 0.000000
 1574 716 1040 1040 58228436 42201492 31033406.694461 0.000000 0.000000
 1575 717 1598 1598 73330552 62420520 47462433.097706 0.000000 0.000000
 1576 718 640 638 45353392 41612432 26505628.735513 0.000000 0.000000
 1577 719 553 552 46541044 39076108 26115759.814895 0.000000 0.000000
 1584 720 1133 1134 59208152 48778984 36344338.780419 0.000000 0.000000
 1585 721 1066 1066 55527244 48407716 37857225.819038 0.000000 0.000000
 1586 722 1228 1230 52040788 48389156 39489414.961137 0.000000 0.000000
 1587 723 1066 1066 54440156 48345796 39902398.470651 0.000000 0.000000
 1588 724 1640 1640 65609304 50891016 49567967.201929 0.000000 0.000000
 1595 725 1640 1640 72905336 56352968 58829984.490769 0.000000 0.000000
 1596 726 1800 1802 74691200 64344536 56135606.592010 0.000000 0.000000
 1597 727 1066 1064 57189980 52606268 43650368.947274 0.000000 0.000000
 1598 728 972 971 57829688 49919568 42689901.481282 0.000000 0.000000
 1599 729 1133 1134 64261976 48170616 47665010.738330 0.000000 0.000000
 1606 730 1040 1040 56058028 47265172 39526442.239432 0.000000 0.000000
 1607 731 1213 1215 55493404 47868348 35153628.337341 0.000000 0.000000
 1608 732 1040 1040 53923588 47385988 40134967.031525 0.000000 0.000000
 1609 733 1620 1620 65565016 50195664 55228939.261262 0.000000 0.000000
 1610 734 1600 1600 81998344 55146168 55211317.892661 0.000000 0.000000
 1617 735 1778 1780 71531032 63300344 50627988.514231 0.000000 0.000000
 1618 736 1053 1051 56239308 51709820 42803587.595368 0.000000 0.000000
 1619 737 960 959 54690960 49111352 45755919.627535 0.000000 0.000000
 1620 738 1147 1148 58617752 48682648 40455192.064295 0.000000 0.000000
 1621 739 1066 1066 59720060 48395388 40435610.638772 0.000000 0.000000
 1628 740 736 738 48126380 39068660 26583895.390231 0.000000 0.000000
 1629 741 567 567 51658804 41518812 29814551.931678 0.000000 0.000000
 1630 742 1780 1782 66042832 50728432 54300941.756333 0.000000 0.000000
 1631 743 1620 1620 81312336 56000616 62860472.638854 0.000000 0.000000
 1632 744 1292 1294 64759760 57523432 47867623.812015 0.000000 0.000000
 1639 745 729 727 50628980 48101956 38594159.704970 0.000000 0.000000
 1640 746 648 647 51189320 43956400 42089463.364824 0.000000 0.000000
 1641 747 1293 1296 57638288 48337216 45677880.308095 0.000000 0.000000
 1642 748 1053 1053 62421700 47687748 44277781.395094 0.000000 0.000000
 1643 749 727 729 44000844 38651708 34472784.671877 0.000000 0.000000
 1650 750 567 567 50153836 41079748 30652576.249269 0.000000 0.000000
 1651 751 1780 1782 62468520 49881192 67839054.025700 0.000000 0.000000
 1652 752 1600 1600 69065880 55220936 66768391.764443 0.000000 0.000000
 1653 753 1276 1278 70217952 56676432 51948247.512313 0.000000 0.000000
 1654 754 729 727 56356916 47687332 34122110.804093 0.000000 0.000000
 1661 755 640 639 51504272 43437216 43383619.331734 0.000000 0.000000
 1662 756 1779 1781 63779280 56390320 62232037.188748 0.000000 0.000000
 1663 757 1539 1538 74300588 56007836 56960639.256312 0.000000 0.000000
 1664 758 1618 1620 61557456 55640712 55941899.251805 0.000000 0.000000
 1665 759 1440 1440 64598936 55298040 48938338.235261 0.000000 0.000000
 1672 760 1640 1640 66490728 50651936 54977601.081075 0.000000 0.000000
 1673 761 1620 1620 72352112 56116104 53965017.947951 0.000000 0.000000
 1674 762 1778 1780 81202968 63890056 59767765.136966 0.000000 0.000000
 1675 763 1040 1038 56230436 51838052 38041614.995883 0.000000 0.000000
 1676 764 960 959 58216600 49234528 43741462.232970 0.000000 0.000000
 1683 765 1619 1619 64143880 55683672 51446995.074044 0.000000 0.000000
 1684 766 1520 1519 61477964 55091076 55229849.381772 0.000000 0.000000
 1685 767 1598 1600 60407400 55048568 49734347.440686 0.000000 0.000000
 1686 768 1440 1440 63941192 54410776 56163387.990467 0.000000 0.000000
 1687 769 1620 1620 68063680 49955992 52091777.391391 0.000000 0.000000
 1694 770 1600 1600 68321504 55092448 62068307.402591 0.000000 0.000000
 1695 771 1756 1758 80578224 62548984 60750447.502155 0.000000 0.000000
 1696 772 1040 1038 55711772 51371324 47783338.346660 0.000000 0.000000
 1697 773 960 959 54390264 48633432 44348538.430895 0.000000 0.000000
 1698 774 1619 1619 64073688 55942960 59445770.807999 0.000000 0.000000
 1705 775 1520 1519 60738828 55554668 48916570.533482 0.000000 0.000000
 1706 776 970 971 58808608 46689512 40864888.355522 0.000000 0.000000
 1707 777 729 729 66868724 48680308 37319349.332711 0.000000 0.000000
 1708 778 1780 1782 67713576 50411136 59387428.879064 0.000000 0.000000
 1709 779 1600 1600 69476336 55243496 57977733.716126 0.000000 0.000000
 1716 780 1292 1294 66364688 57192712 49103972.625343 0.000000 0.000000
 1717 781 799 798 54754392 47860504 43890883.177815 0.000000 0.000000
 1718 782 640 639 52597256 43748904 42318921.475276 0.000000 0.000000
 1719 783 1757 1759 71539104 55231120 60487432.176479 0.000000 0.000000
 1720 784 1520 1519 60344652 54485268 61208533.070719 0.000000 0.000000
 1727 785 958 959 59366560 45798744 40557532.425767 0.000000 0.000000
 1728 786 711 711 58356140 47867940 38107589.100711 0.000000 0.000000
 1729 787 1736 1738 61865224 49393592 62856865.684488 0.000000 0.000000
 1730 788 1580 1580 73129472 54427192 65177476.565067 0.000000 0.000000
 1731 789 1276 1278 63902536 55826744 55645082.313954 0.000000 0.000000
 1738 790 789 788 55032792 46954560 39570458.523593 0.000000 0.000000
 1739 791 632 631 50465400 42822848 37517232.024402 0.000000 0.000000
 1740 792 1261 1264 58795712 47560864 50084126.272665 0.000000 0.000000
 1741 793 1040 1040 55368404 47534132 48349646.774237 0.000000 0.000000
 1742 794 1198 1200 52337476 47296820 50567756.651475 0.000000 0.000000
 1749 795 1040 1040 58216500 47655996 43020840.685549 0.000000 0.000000
 1750 796 1600 1600 64244368 49695760 60256170.809051 0.000000 0.000000
 1751 797 1600 1600 74300680 55569264 59829527.067717 0.000000 0.000000
 1752 798 1756 1758 68723032 63203416 62818411.535725 0.000000 0.000000
 1753 799 1053 1051 59210844 51680684 43282936.326991 0.000000 0.000000
 1760 800 960 959 57182712 49111832 46460233.687864 0.000000 0.000000
 1761 801 1133 1134 59569320 48168288 44331898.278000 0.000000 0.000000
 1762 802 656 656 39662368 34618904 25804623.582151 0.000000 0.000000
 1763 803 1133 1134 54021592 47634608 36349840.958252 0.000000 0.000000
 1764 804 648 648 41609080 34477368 21903960.787612 0.000000 0.000000
 1771 805 1620 1620 66147840 49878392 53414071.005565 0.000000 0.000000
 1772 806 1053 1053 57609516 42359612 31293188.418513 0.000000 0.000000
 1773 807 1598 1598 70348208 62893192 52933195.579482 0.000000 0.000000
 1774 808 648 646 43490552 41960488 23884802.835361 0.000000 0.000000
 1775 809 560 559 54446700 39189124 27699441.497579 0.000000 0.000000
 1782 810 1133 1134 61507760 47984696 47186481.431174 0.000000 0.000000
 1783 811 1053 1053 57467868 47955940 38761733.538989 0.000000 0.000000
 1784 812 727 729 46477548 38747572 29812766.505209 0.000000 0.000000
 1785 813 567 567 51112868 41264540 28357454.087194 0.000000 0.000000
 1786 814 1758 1760 72095152 49773440 65460879.923867 0.000000 0.000000
 1793 815 1600 1600 67877432 55399992 51697617.514227 0.000000 0.000000
 1794 816 1276 1278 65656928 56856336 51328436.390212 0.000000 0.000000
 1795 817 729 727 49828820 47920716 34527256.806812 0.000000 0.000000
 1796 818 648 647 57690872 43680592 32895704.790449 0.000000 0.000000
 1797 819 1293 1296 61718984 48071312 42755947.412408 0.000000 0.000000
 1804 820 648 648 42273168 34521560 22073043.939659 0.000000 0.000000
 1805 821 647 648 45152616 38820368 23819038.169260 0.000000 0.000000
 1806 822 328 328 35831016 27747272 15077332.078482 0.000000 0.000000
 1807 823 1679 1680 71491268 49562924 48927758.176179 0.000000 0.000000
 1808 824 1040 1040 56453500 41984292 34953660.439419 0.000000 0.000000
 1815 825 1118 1118 66551352 56728384 38858498.401985 0.000000 0.000000
 1816 826 486 484 39127368 38163824 24107366.646862 0.000000 0.000000
 1817 827 405 404 45091500 33704132 24022101.174907 0.000000 0.000000
 1818 828 1678 1679 76186804 55143980 50221320.600611 0.000000 0.000000
 1819 829 1520 1519 62400740 55019276 49061574.660139 0.000000 0.000000
 1826 830 1578 1580 58118312 54521560 58510750.767026 0.000000 0.000000
 1827 831 1422 1422 65730960 54422936 49675532.517989 0.000000 0.000000
 1828 832 1600 1600 65877408 49456208 57048037.425435 0.000000 0.000000
 1829 833 1580 1580 74713544 54834008 54529844.556391 0.000000 0.000000
 1830 834 1734 1736 71817752 62397688 63496825.185063 0.000000 0.000000
 1837 835 1027 1025 55189572 50637780 47448630.697508 0.000000 0.000000
 1838 836 936 935 55927928 48129776 43856827.203277 0.000000 0.000000
 1839 837 1599 1599 78518944 55145568 50716972.541268 0.000000 0.000000
 1840 838 960 959 49483288 41680664 37001930.291499 0.000000 0.000000
 1841 839 1500 1501 57627780 54284772 50646602.384222 0.000000 0.000000
 1848 840 869 869 45799396 41150044 38012657.363665 0.000000 0.000000
 1849 841 1580 1580 62961592 49174000 50391579.329287 0.000000 0.000000
 1850 842 1040 1040 60684396 41421396 37705257.750291 0.000000 0.000000
 1851 843 1558 1558 66509088 61481040 56762989.876735 0.000000 0.000000
 1852 844 632 630 46443952 41121184 27127649.283486 0.000000 0.000000
 1859 845 553 552 44512724 38335428 30176087.917814 0.000000 0.000000
 1860 846 1579 1579 64847272 54791208 59883018.449537 0.000000 0.000000
 1861 847 1501 1500 65013276 54580140 48311817.038786 0.000000 0.000000
 1862 848 946 947 53166184 45544704 39483951.572950 0.000000 0.000000
 1863 849 720 720 65076324 48157100 33537213.004994 0.000000 0.000000
 1870 850 1736 1738 61812448 48898792 47810485.447851 0.000000 0.000000
 1871 851 1560 1560 76601432 54233384 47655440.419305 0.000000 0.000000
 1872 852 1244 1246 65375472 55740568 38441216.034340 0.000000 0.000000
 1873 853 789 788 48068952 46942928 31108320.011420 0.000000 0.000000
 1874 854 632 631 50268088 42692688 31752640.029710 0.000000 0.000000
 1881 855 1735 1737 61888208 54609880 47158475.392167 0.000000 0.000000
 1882 856 948 947 44703416 41221968 26646283.134044 0.000000 0.000000
 1883 857 879 879 53462108 45680892 30126788.117652 0.000000 0.000000
 1884 858 400 400 43019956 34885348 22636641.630165 0.000000 0.000000
 1885 859 1637 1638 61525692 48366332 49527272.868584 0.000000 0.000000
 1892 860 1014 1014 51109860 41043460 36447615.140328 0.000000 0.000000
 1893 861 1104 1104 62616840 55367344 39658794.005107 0.000000 0.000000
 1894 862 552 551 38564020 37337932 22555070.722876 0.000000 0.000000
 1895 863 395 394 41160508 32972404 18892128.004936 0.000000 0.000000
 1896 864 1118 1119 53963904 48954400 39331375.753617 0.000000 0.000000
 1903 865 972 971 56595864 48950472 32506683.506103 0.000000 0.000000
 1904 866 1458 1458 57770880 55772720 49156289.074241 0.000000 0.000000
 1905 867 1458 1458 65103312 56097024 45178654.888628 0.000000 0.000000
 1906 868 891 891 53623228 44545188 36042493.896779 0.000000 0.000000
 1907 869 891 891 57952948 47690076 34488413.547213 0.000000 0.000000
 1914 870 1638 1638 76998648 64480272 54208247.012436 0.000000 0.000000
 1915 871 1066 1064 57695204 52700868 39974623.180622 0.000000 0.000000
 1916 872 984 983 59927768 50132848 42919562.929765 0.000000 0.000000
 1917 873 1065 1065 57860804 49403852 41544887.316949 0.000000 0.000000
 1918 874 984 983 61134304 49281128 39590417.683887 0.000000 0.000000
 1925 875 1476 1476 63955096 55923352 45044572.847306 0.000000 0.000000
 1926 876 1476 1476 77132400 55893160 53063795.646374 0.000000 0.000000
 1927 877 902 902 53285268 44596180 37763344.769998 0.000000 0.000000
 1928 878 891 891 59122844 47425388 43273468.335854 0.000000 0.000000
 1929 879 1618 1618 70593888 64148056 53952850.728774 0.000000 0.000000
 1936 880 1066 1064 60916356 52612012 41264659.688911 0.000000 0.000000
 1937 881 984 983 59314688 49738600 41038228.448870 0.000000 0.000000
 1938 882 1639 1639 68357624 56561784 55118525.859601 0.000000 0.000000
 1939 883 1558 1557 66725052 56361172 52687870.764407 0.000000 0.000000
 1940 884 1638 1640 62225728 56095312 53274513.989571 0.000000 0.000000
 1947 885 1476 1476 68304448 56094552 48028605.698984 0.000000 0.000000
 1948 886 1640 1640 63605344 50972936 53858137.161515 0.000000 0.000000
 1949 887 1640 1640 71451832 56652040 54704427.680989 0.000000 0.000000
 1950 888 1778 1780 79370752 64327016 54515940.915734 0.000000 0.000000
 1951 889 1066 1064 62230484 52637260 40104434.436878 0.000000 0.000000
 1958 890 984 983 56222936 49890016 46992846.324833 0.000000 0.000000
 1959 891 1619 1619 63466656 56387720 52840909.490673 0.000000 0.000000
 1960 892 1539 1538 66834244 55543084 48553080.285936 0.000000 0.000000
 1961 893 1618 1620 60077704 55570000 53157566.510293 0.000000 0.000000
 1962 894 1440 1440 62470224 54833504 48803586.237582 0.000000 0.000000
 1969 895 1640 1640 71722048 50444312 50890583.225687 0.000000 0.000000
 1970 896 1620 1620 68581344 55796536 54897575.479970 0.000000 0.000000
 1971 897 1778 1780 74009000 63561472 55401584.193535 0.000000 0.000000
 1972 898 1040 1038 56043532 51909012 39540173.014185 0.000000 0.000000
 1973 899 972 971 55440760 49106536 38946563.297917 0.000000 0.000000
 1980 900 1052 1052 52519396 49479492 41259271.399521 0.000000 0.000000
 1981 901 984 983 53148136 49301464 39412339.767656 0.000000 0.000000
 1982 902 1476 1476 63821256 56259984 47615598.439224 0.000000 0.000000
 1983 903 1476 1476 71713904 56351912 48008485.507341 0.000000 0.000000
 1984 904 656 656 48036424 39009824 32027383.251015 0.000000 0.000000
 1991 905 656 656 49992320 41909672 30382446.349946 0.000000 0.000000
 1992 906 1079 1078 74337420 58888620 47350329.846191 0.000000 0.000000
 1993 907 1066 1064 58618708 53331588 35800946.809296 0.000000 0.000000
 1994 908 581 581 55031580 41446580 26017682.110868 0.000000 0.000000
 1995 909 1065 1065 54637548 49400604 44703778.938642 0.000000 0.000000
 2002 910 972 971 51484240 48667952 43540773.021895 0.000000 0.000000
 2003 911 1476 1476 62344928 56038360 49550677.242161 0.000000 0.000000
 2004 912 1458 1458 60115648 55641696 60756160.367845 0.000000 0.000000
 2005 913 656 656 48440296 38735688 28628502.546752 0.000000 0.000000
 2006 914 648 648 48029104 41422296 32497872.698788 0.000000 0.000000
 2013 915 1066 1065 65666964 58300348 37548416.541998 0.000000 0.000000
 2014 916 1066 1064 60759908 52695892 44322209.550699 0.000000 0.000000
 2015 917 574 574 49225748 41101892 33132493.579529 0.000000 0.000000
 2016 918 1639 1639 66545464 56561488 55928745.964721 0.000000 0.000000
 2017 919 1558 1557 66923628 56625180 52326391.215026 0.000000 0.000000
 2024 920 1618 1620 58464168 55548352 55201670.256794 0.000000 0.000000
 2025 921 1458 1458 65171448 55928088 55806516.958188 0.000000 0.000000
 2026 922 1148 1148 50476216 45056552 43105703.940029 0.000000 0.000000
 2027 923 1162 1162 65705376 50606984 39860640.119301 0.000000 0.000000
 2028 924 1053 1052 62624428 58217236 50652709.865548 0.000000 0.000000
 2035 925 1066 1064 55065708 52730068 49031645.655892 0.000000 0.000000
 2036 926 574 574 50174156 41136164 40014692.345638 0.000000 0.000000
 2037 927 1639 1639 68031040 56388464 58812995.204262 0.000000 0.000000
 2038 928 1539 1538 61004524 55806252 69996414.860787 0.000000 0.000000
 2039 929 1618 1620 55002912 55717232 61008490.569310 0.000000 0.000000
 2046 930 1458 1458 70321600 55027272 61925200.353660 0.000000 0.000000
 2047 931 1148 1148 53202672 44837216 41306251.422695 0.000000 0.000000
 2048 932 1148 1148 61852416 50123432 47366023.341866 0.000000 0.000000
 2049 933 1066 1065 68473012 57897524 50559683.597742 0.000000 0.000000
 2050 934 1053 1051 56116164 52548004 42817757.130847 0.000000 0.000000
 2057 935 574 574 52049708 40823012 33294063.847680 0.000000 0.000000
 2058 936 1065 1065 61580852 49573948 33010624.319150 0.000000 0.000000
 2059 937 984 983 66932032 49469880 33534324.628352 0.000000 0.000000
 2060 938 1476 1476 74030368 56127360 49351374.165148 0.000000 0.000000
 2061 939 1476 1476 83359792 55903432 50996348.237652 0.000000 0.000000
 2068 940 891 891 55228572 44621572 35283783.400813 0.000000 0.000000
 2069 941 891 891 61027324 47584988 42176265.848468 0.000000 0.000000
 2070 942 1638 1638 77647184 64128080 59429482.386908 0.000000 0.000000
 2071 943 1053 1051 56051636 52542372 43038039.235284 0.000000 0.000000
 2072 944 972 971 60709904 49810840 46322010.922416 0.000000 0.000000
 2079 945 1065 1065 67428436 49488972 34395625.616683 0.000000 0.000000
 2080 946 656 655 49443864 35692616 19638745.092630 0.000000 0.000000
 2081 947 1458 1458 60870232 55823528 46270739.785562 0.000000 0.000000
 2082 948 891 891 50440500 42116908 31091776.649394 0.000000 0.000000
 2083 949 902 902 61457068 44763100 33357279.422904 0.000000 0.000000
 2090 950 574 574 49112604 34181788 22863928.677881 0.000000 0.000000
 2091 951 1538 1537 74312092 63433420 53463102.491268 0.000000 0.000000
 2092 952 648 646 43452648 42320096 26552485.424154 0.000000 0.000000
 2093 953 567 566 47015236 39558420 25124150.444695 0.000000 0.000000
 2094 954 1619 1619 69141928 55939336 62410589.671726 0.000000 0.000000
 2101 955 1539 1538 64586644 55907276 54701331.483723 0.000000 0.000000
 2102 956 1598 1600 56515976 54838056 52274508.805473 0.000000 0.000000
 2103 957 1440 1440 59797504 54943464 46152068.097182 0.000000 0.000000
 2104 958 1620 1620 68284928 50409280 56303714.536371 0.000000 0.000000
 2105 959 1620 1620 72064824 55842120 57871653.107512 0.000000 0.000000
 2112 960 1756 1758 74190824 63190264 60811160.898433 0.000000 0.000000
 2113 961 1040 1038 53887196 51637588 45845720.467301 0.000000 0.000000
 2114 962 960 959 59233384 49034992 41697514.761907 0.000000 0.000000
 2115 963 1619 1619 72695112 55850944 59765571.461485 0.000000 0.000000
 2116 964 972 971 50853096 41928048 37004121.582719 0.000000 0.000000
 2123 965 1519 1520 58194404 54802844 47818764.363637 0.000000 0.000000
 2124 966 880 880 45431236 41308356 32162672.735884 0.000000 0.000000
 2125 967 1620 1620 66955832 49956632 55332267.162846 0.000000 0.000000
 2126 968 1040 1040 54523108 42148452 37600557.542989 0.000000 0.000000
 2127 969 1598 1598 71002920 62282088 53518589.197776 0.000000 0.000000
 2134 970 632 630 42786048 41583128 28988803.496106 0.000000 0.000000
 2135 971 553 552 42914212 38922332 28657349.399108 0.000000 0.000000
 2136 972 1039 1039 53980724 48955628 42100204.534818 0.000000 0.000000
 2137 973 972 971 56441512 48949376 37886139.700504 0.000000 0.000000
 2138 974 1458 1458 59935536 55621632 53927273.821363 0.000000 0.000000
 2145 975 1458 1458 64978536 55649168 46939835.653478 0.000000 0.000000
 2146 976 648 648 48688112 38522416 30980060.706215 0.000000 0.000000
 2147 977 648 648 51251608 41555960 28677044.228611 0.000000 0.000000
 2148 978 1066 1065 68256100 58230972 50426333.075353 0.000000 0.000000
 2149 979 1053 1051 54800692 52623908 35069073.623786 0.000000 0.000000
 2156 980 574 574 48394964 40878188 36377002.598246 0.000000 0.000000
 2157 981 1065 1065 57558316 49316612 34761738.568518 0.000000 0.000000
 2158 982 656 655 46065304 35692616 19750761.203791 0.000000 0.000000
 2159 983 1458 1458 62138200 55654752 45775850.235879 0.000000 0.000000
 2160 984 891 891 48828044 42117524 29508586.778656 0.000000 0.000000
 2167 985 656 656 46851240 38664560 23207857.046601 0.000000 0.000000
 2168 986 410 410 35539916 28153756 17076608.492464 0.000000 0.000000
 2169 987 1053 1052 65979364 57769412 36382436.123916 0.000000 0.000000
 2170 988 648 646 44388472 42553328 26108688.702112 0.000000 0.000000
 2171 989 328 328 38312088 30697112 18102140.216825 0.000000 0.000000
 2178 990 1619 1619 64676424 55949072 51459645.420841 0.000000 0.000000
 2179 991 1539 1538 62731020 55823028 48970166.601916 0.000000 0.000000
 2180 992 1598 1600 59503688 55190232 49951024.910363 0.000000 0.000000
 2181 993 1440 1440 62423720 55031296 49665626.643491 0.000000 0.000000
 2182 994 1148 1148 52158952 44568168 44192498.563449 0.000000 0.000000
 2189 995 1134 1134 61413664 50089168 39077981.955718 0.000000 0.000000
 2190 996 1053 1052 73173804 57775268 44556105.289840 0.000000 0.000000
 2191 997 1040 1038 56243092 52066988 38651887.274672 0.000000 0.000000
 2192 998 567 567 50613244 40469876 24250478.661873 0.000000 0.000000
 2193 999 1619 1619 65694712 55849592 48247558.415518 0.000000 0.000000
 2200 1000 972 971 48269408 42023528 27370174.466546 0.000000 0.000000
 2201 1001 1519 1520 57591484 54919564 45184790.071705 0.000000 0.000000
 2202 1002 880 880 47606860 41405556 30132236.887778 0.000000 0.000000
 2203 1003 1134 1134 52609448 44041432 36320086.480582 0.000000 0.000000
 2204 1004 729 729 43672700 36333964 25549773.249129 0.000000 0.000000
 2211 1005 1040 1039 64768908 57044852 39899307.909122 0.000000 0.000000
 2212 1006 640 638 43019128 42004344 26582399.574809 0.000000 0.000000
 2213 1007 324 324 39713184 30309576 18691093.530336 0.000000 0.000000
 2214 1008 1619 1619 61719536 56289640 51086458.563607 0.000000 0.000000
 2215 1009 1539 1538 61199332 55910860 51280123.681549 0.000000 0.000000
 2222 1010 1618 1620 62235448 55638248 52074994.742958 0.000000 0.000000
 2223 1011 1440 1440 60943056 55298032 49056959.286137 0.000000 0.000000
 2224 1012 1620 1620 67899464 50405968 52902579.401832 0.000000 0.000000
 2225 1013 1620 1620 68846800 56054648 55988572.296113 0.000000 0.000000
 2226 1014 1800 1802 79401808 64065888 62888029.258598 0.000000 0.000000
 2233 1015 1053 1051 57346220 52322220 45324353.485303 0.000000 0.000000
 2234 1016 972 971 57458960 49809720 52685323.655222 0.000000 0.000000
 2235 1017 1619 1619 67756568 55681336 56173964.676464 0.000000 0.000000
 2236 1018 1520 1519 57472316 54837508 61008283.437791 0.000000 0.000000
 2237 1019 1598 1600 56617896 54983888 55893269.035200 0.000000 0.000000
 2244 1020 1440 1440 65212224 54408432 64982142.855026 0.000000 0.000000
 2245 1021 1620 1620 65123528 50026704 62092083.512404 0.000000 0.000000
 2246 1022 1600 1600 66516392 55092448 71345640.417306 0.000000 0.000000
 2247 1023 1778 1780 70293272 62950168 61811259.650920 0.000000 0.000000
 2248 1024 1040 1038 53652556 51550252 45935223.077540 0.000000 0.000000
 2255 1025 960 959 58103600 48831512 62050236.162162 0.000000 0.000000
 2256 1026 1619 1619 71210784 55942688 54818918.370521 0.000000 0.000000
 2257 1027 1520 1519 62960244 55553428 51797390.817201 0.000000 0.000000
 2258 1028 970 971 53013136 46755232 39422508.359479 0.000000 0.000000
 2259 1029 729 729 64496964 48680308 35674662.172895 0.000000 0.000000
 2266 1030 1780 1782 65415696 50720920 60403618.445704 0.000000 0.000000
 2267 1031 1620 1620 73864992 55702296 54332975.371469 0.000000 0.000000
 2268 1032 1308 1310 65429392 57510120 51301902.199839 0.000000 0.000000
 2269 1033 809 808 49097200 48220872 34770895.857126 0.000000 0.000000
 2270 1034 648 647 57626992 44083968 40314822.881423 0.000000 0.000000
 2277 1035 1757 1759 68737368 55135736 51885759.266498 0.000000 0.000000
 2278 1036 1520 1519 60952084 54483292 59402023.363061 0.000000 0.000000
 2279 1037 958 959 50145648 45799984 43105857.662500 0.000000 0.000000
 2280 1038 711 711 60331324 47866700 38583149.698212 0.000000 0.000000
 2281 1039 1758 1760 66288144 49878304 66177076.985053 0.000000 0.000000
 2288 1040 1600 1600 69260888 54701552 72781508.032612 0.000000 0.000000
 2289 1041 1276 1278 63973592 56466344 48201129.181862 0.000000 0.000000
 2290 1042 799 798 50164344 47322744 34349784.560601 0.000000 0.000000
 2291 1043 640 639 52049272 43250696 35306945.551919 0.000000 0.000000
 2292 1044 1757 1759 64984992 55939232 57603819.023282 0.000000 0.000000
 2299 1045 1539 1538 64263492 55741356 59750026.768644 0.000000 0.000000
 2300 1046 1618 1620 57269280 55623472 58093563.839909 0.000000 0.000000
 2301 1047 1458 1458 62146064 55744792 68369673.382490 0.000000 0.000000
 2302 1048 1134 1134 51655168 44323328 46452939.198859 0.000000 0.000000
 2303 1049 1134 1134 63263728 50135432 57276060.538257 0.000000 0.000000
 2310 1050 1066 1065 66511628 58356612 45884448.331273 0.000000 0.000000
 2311 1051 1066 1064 54772020 52669228 46569582.396468 0.000000 0.000000
 2312 1052 574 574 52851196 41081876 36455063.423995 0.000000 0.000000
 2313 1053 1619 1619 63536088 55767432 60991202.704816 0.000000 0.000000
 2314 1054 1520 1519 61522436 55187660 66382493.933696 0.000000 0.000000
 2321 1055 1618 1620 57798280 55367480 63103695.896227 0.000000 0.000000
 2322 1056 1440 1440 62653920 54580176 62992168.754543 0.000000 0.000000
 2323 1057 1134 1134 52376040 44182688 44254397.811316 0.000000 0.000000
 2324 1058 1134 1134 63600320 49549080 53134972.020107 0.000000 0.000000
 2325 1059 1053 1052 66229900 57573564 54830274.379610 0.000000 0.000000
 2332 1060 1040 1038 51195892 51906556 44730029.066055 0.000000 0.000000
 2333 1061 567 567 47402100 40308884 33113072.135636 0.000000 0.000000
 2334 1062 1619 1619 71682368 56293208 64678253.093160 0.000000 0.000000
 2335 1063 1539 1538 62085108 56006084 67975238.351864 0.000000 0.000000
 2336 1064 982 983 53778488 46887768 41957491.415624 0.000000 0.000000
 2343 1065 729 729 251272732 49298044 39434771.168334 0.000000 0.000000
 2344 1066 1310 1312 190297880 44882352 39170925.843902 0.000000 0.000000
 2345 1067 1148 1148 243716016 50303320 39884697.653799 0.000000 0.000000
 2346 1068 747 746 308144716 53073860 31872982.558621 0.000000 0.000000
 2347 1069 819 818 229012360 48717752 31301092.310678 0.000000 0.000000
 2354 1070 410 410 173344540 37082588 26723206.300301 0.000000 0.000000
 2355 1071 1619 1619 216643256 55669000 65426041.740581 0.000000 0.000000
 2356 1072 1520 1519 186665252 54836372 66643215.518826 0.000000 0.000000
 2357 1073 970 971 198714576 46153456 42297301.099248 0.000000 0.000000
 2358 1074 720 720 255747452 48304564 44451616.015197 0.000000 0.000000
 2365 1075 1294 1296 185511992 44113376 34508328.533982 0.000000 0.000000
 2366 1076 1120 1120 217820736 49273872 44057339.935037 0.000000 0.000000
 2367 1077 729 728 221990532 52063924 30112376.315927 0.000000 0.000000
 2368 1078 799 798 181577776 47991800 33725791.048016 0.000000 0.000000
 2369 1079 405 405 195943540 36361340 26636443.249328 0.000000 0.000000
 2376 1080 1579 1579 229804864 54970936 61349718.295893 0.000000 0.000000
 2377 1081 1501 1500 213086884 54497372 53090679.624166 0.000000 0.000000
 2378 1082 1578 1580 177391248 54165640 60889330.818429 0.000000 0.000000
 2379 1083 1404 1404 207413584 53790072 53787056.643685 0.000000 0.000000
 2380 1084 1600 1600 241765504 49456000 67512703.805958 0.000000 0.000000
 2387 1085 1580 1580 274741696 54834008 66212112.242617 0.000000 0.000000
 2388 1086 1734 1736 228707368 62399048 72333423.779216 0.000000 0.000000
 2389 1087 1014 1012 177256620 50690004 47201350.973202 0.000000 0.000000
 2390 1088 948 947 232506048 48073856 51074348.608687 0.000000 0.000000
 2391 1089 1579 1579 243012576 54527184 60997989.288625 0.000000 0.000000
 2398 1090 948 947 176500192 41326560 34508719.179748 0.000000 0.000000
 2399 1091 1481 1482 186902596 53431028 54829240.918060 0.000000 0.000000
 2400 1092 858 858 155973820 40712940 37175099.400654 0.000000 0.000000
 2401 1093 1580 1580 257924248 49172792 60236167.186372 0.000000 0.000000
 2402 1094 1040 1040 216846444 41291972 43456389.510320 0.000000 0.000000
 2409 1095 1558 1558 266123016 61454672 66409331.377240 0.000000 0.000000
 2410 1096 632 630 142068464 41006352 33963022.361976 0.000000 0.000000
 2411 1097 553 552 152889228 38430036 37635434.710538 0.000000 0.000000
 2412 1098 1579 1579 237895840 54520504 73684875.041012 0.000000 0.000000
 2413 1099 1482 1481 221718628 53789284 69288440.885600 0.000000 0.000000
 2420 1100 946 947 169977936 45075840 40601032.200307 0.000000 0.000000
 2421 1101 702 702 205590964 47440308 44669210.543371 0.000000 0.000000
 2422 1102 1736 1738 263897448 49138136 58305861.235683 0.000000 0.000000
 2423 1103 1560 1560 256584800 54125944 62639957.406603 0.000000 0.000000
 2424 1104 1260 1262 259096480 55808712 48361493.128786 0.000000 0.000000
 2431 1105 779 778 169081672 46517008 48900505.200736 0.000000 0.000000
 2432 1106 624 623 178473544 42635128 43580258.926739 0.000000 0.000000
 2433 1107 1691 1693 246598432 53814936 55683690.813217 0.000000 0.000000
 2434 1108 936 935 165240192 40434128 35949602.635902 0.000000 0.000000
 2435 1109 857 857 201012972 44637620 45800521.232956 0.000000 0.000000
 2442 1110 390 390 141023268 34267756 29518454.310003 0.000000 0.000000
 2443 1111 1637 1638 211571004 48295196 54721239.329197 0.000000 0.000000
 2444 1112 1014 1014 200703444 41043460 39381173.006021 0.000000 0.000000
 2445 1113 1090 1090 253189280 55023312 44650053.572759 0.000000 0.000000
 2446 1114 552 551 143619020 36981972 22380431.158704 0.000000 0.000000
 2453 1115 395 394 146325036 33034852 24637536.883231 0.000000 0.000000
 2454 1116 1678 1679 289158156 55242084 71640574.173931 0.000000 0.000000
 2455 1117 1520 1519 236292188 55113868 70856073.679433 0.000000 0.000000
 2456 1118 1578 1580 225466200 54487072 70993745.653029 0.000000 0.000000
 2457 1119 1422 1422 222587992 54422936 56586148.375696 0.000000 0.000000
 2464 1120 1134 1134 193586096 44176384 50598398.450059 0.000000 0.000000
 2465 1121 1134 1134 266709960 49565568 36313271.532568 0.000000 0.000000
 2466 1122 1040 1039 241267724 57295724 60129350.596716 0.000000 0.000000
 2467 1123 1040 1038 204959380 51763652 32210932.952660 0.000000 0.000000
 2468 1124 567 567 173915244 40287524 23050196.387298 0.000000 0.000000
 2475 1125 1599 1599 223381216 54879232 59600597.649437 0.000000 0.000000
 2476 1126 948 947 170330232 41582696 41160653.043167 0.000000 0.000000
 2477 1127 1500 1501 221593276 54217148 50437704.517784 0.000000 0.000000
 2478 1128 869 869 174748980 41065652 33541283.349348 0.000000 0.000000
 2479 1129 1120 1120 178953072 43721736 34307861.570424 0.000000 0.000000
 2486 1130 720 720 180896140 35904612 27096100.509560 0.000000 0.000000
 2487 1131 1040 1039 255927804 56893996 36879173.193158 0.000000 0.000000
 2488 1132 640 638 165219280 41842160 23078996.003359 0.000000 0.000000
 2489 1133 324 324 148151032 30255984 16196343.091804 0.000000 0.000000
 2490 1134 1579 1579 213443288 54875040 68539790.031071 0.000000 0.000000
 2497 1135 1501 1500 247746228 54495748 45074733.079693 0.000000 0.000000
 2498 1136 958 959 207302552 45643904 42010679.624908 0.000000 0.000000
 2499 1137 711 711 240064596 47962420 35495986.367914 0.000000 0.000000
 2500 1138 1278 1280 173734360 43760736 53992283.251876 0.000000 0.000000
 2501 1139 1120 1120 197028032 49318304 38271769.769443 0.000000 0.000000
 2508 1140 729 728 256950676 51754828 45060486.719942 0.000000 0.000000
 2509 1141 799 798 186949624 47804216 34320714.024441 0.000000 0.000000
 2510 1142 405 405 184483668 36285628 23962096.756833 0.000000 0.000000
 2511 1143 1579 1579 239386496 54521984 48098984.315275 0.000000 0.000000
 2512 1144 948 947 170799136 41220872 32542242.084965 0.000000 0.000000
 2519 1145 868 868 194761564 45447628 31030339.703821 0.000000 0.000000
 2520 1146 400 400 177452732 34619844 23792218.398502 0.000000 0.000000
 2521 1147 1199 1200 203651804 43475532 32512836.572973 0.000000 0.000000
 2522 1148 720 720 155898996 35902996 29288385.327738 0.000000 0.000000
 2523 1149 720 719 195111260 51453444 34168746.917110 0.000000 0.000000
 2530 1150 479 479 149774800 37942424 17766039.232582 0.000000 0.000000
 2531 1151 243 243 138036756 26184916 13892156.704214 0.000000 0.000000