# Format <LP ID> <Group ID> <Router ID> <Link traffic per router port(s)># Router ports in the order: 10 local channels, 5 global channels 

10 0 0 0 62485036 16245860 14842588 1259620 4445556 1737236 10427080 4985600 10197740 7945568 9407896 10767772 8026428 8033324
21 0 1 58445824 0 76514288 33236020 21446864 9745824 25717300 32947488 10736840 12735176 93988356 11936744 12954456 602824 610856
32 0 2 19127832 61092240 0 38444536 18392516 25205380 8108700 10707840 8823784 39037700 47786708 18208088 12586719 5715689 5737836
43 0 3 18978164 31391626 33803748 0 37613036 25953160 28953316 7300816 11419368 21780900 24197768 12739157 6178068 5478892 5434620
54 0 4 4235460 24782608 18133096 36687868 0 62484092 21633368 10126448 10807688 12350144 17079300 19666245 6863920 6827612 6863520
65 0 5 3927996 13187592 22502472 23721132 62231016 0 71609175 8448988 20558470 14091032 33179132 18940636 5045352 4986668 4987404
76 0 6 7552752 22826644 9390144 26437672 25930404 72676320 0 37349152 12897201 19205472 15615584 12359008 6160984 6162408 6125956
87 0 7 9554752 29367564 10724752 5938956 7033288 8813952 42591428 0 41702220 37057240 16333124 14869148 3516852 3481968 3495384
98 0 8 6384792 10996424 11296489 8516812 9241780 18189908 14442616 36696532 0 26970728 17305316 17729904 6256144 6268468 6307452
109 0 9 8722660 18073484 33100056 22896976 13122536 15698452 13844908 32943960 24854436 0 12694168 15203672 6061980 6091544 6026300
120 1 0 0 53282360 34058076 36769980 22036684 32185468 21241320 21729564 36908756 33387312 84881509 17346376 16311648 8614316 8676480
131 1 1 45421368 0 53246296 40635860 9044760 11257796 28792772 25166364 9258592 12996276 11483840 39589272 12643892 11400356 11417376
142 1 2 35390500 52480016 0 75325116 22992628 13779616 19762200 26510488 15955732 29142688 91986840 16310664 11655144 5092884 5061356
153 1 3 33666632 42649072 70493532 0 56710028 16022756 19593664 15713480 14790144 18116293 48170396 17932888 12597196 11901592 11789916
164 1 4 28480314 12215900 20731104 47693992 0 50679192 19627872 12929360 24768448 29467458 33979460 21888304 11645312 11540584 11659888
175 1 5 35843308 10872452 20687912 14792000 51376996 0 51340600 28560788 19481516 18949092 29990588 22209096 9905433 9860664 9947868
186 1 6 15635132 28671400 22633727 12690544 21431780 53428692 0 49108936 11376172 21134368 51041724 17178304 9873388 9878719 9911484
197 1 7 15398932 20850632 17582412 12808512 11296580 29402328 44856724 0 19184344 16644356 25427344 23942680 13433340 13447140 13320344
208 1 8 27098324 12664228 16255423 17007524 23818120 21982240 13065200 17247076 0 70411792 21890932 23019316 12722376 12775432 12747160
219 1 9 29873324 15477377 22495937 19367164 25134384 19736004 25503611 16683848 66383052 0 18504880 20936424 13505556 13395298 13504312
230 2 0 0 69309080 24361704 21081720 28189160 26012828 17218416 31994236 25546540 32779948 42659544 26227956 23802980 13787988 13751696
241 2 1 85201128 0 57499052 29463000 23770380 23406516 25778232 23334460 14610745 13821008 86825028 22455964 19133696 9053364 9074628
252 2 2 17926576 52210696 0 58537428 29840536 24013604 15126064 29884060 23357480 10943964 10966412 63727648 11825904 11001652 10986924
263 2 3 17228860 31643652 56842708 0 67693705 14779092 16589372 16993153 12114520 39854207 36897676 16372500 11528764 10683116 10740300
274 2 4 26306944 27158848 31243550 68800000 0 44740216 13754940 29202452 15437884 15841916 49060444 23655672 11952840 12007484 11993824
285 2 5 21297297 31638132 34863320 12923232 41224740 0 41266356 41720632 18428164 20841004 42395360 24569800 11059780 11114952 11035420
296 2 6 16447145 24112536 22489308 20708280 16818316 45705580 0 33613856 26046448 13754732 21967128 18613172 12824580 12733216 12675532
307 2 7 29595016 22241024 25767212 19706184 28287452 41412572 39926232 0 61034736 17538096 59164272 19798332 9965036 10012040 9863004
318 2 8 20463492 12033320 22799812 13477008 18897828 24046504 30646086 46759804 0 46391532 20398260 21389768 10891968 10932532 10869644
329 2 9 29856696 21474176 20312200 25720780 22143236 20897267 21309116 19169844 40018220 0 21087980 22348680 14370196 14390580 14269456
340 3 0 0 71996568 22581020 15228948 13493888 16340776 15556576 12153292 12468952 17388916 31063976 20160624 18773428 9260972 9283336
351 3 1 74072304 0 64081904 7607816 30668532 19579320 18351164 22245560 32381212 13025920 50440096 18759708 15662064 6088564 6036588
362 3 2 22181572 60505396 0 40189196 25063004 19144796 9267164 10085124 13772256 7083784 56509748 19876084 13999496 7937580 7975556
373 3 3 20391440 3990968 46214668 0 44384241 26423108 4275436 1639556 4090388 18388220 8931628 9051471 8854864 8911496 8976540
384 3 4 10613276 30132644 26945616 50334952 0 75056520 8666896 12784676 13305016 29459668 80028040 15699732 5871496 5824020 5810328
395 3 5 16049332 19441264 21631176 31371572 55257860 0 16767547 11247772 31829108 21704132 61986312 21167700 9528296 9624252 9594796
406 3 6 20348164 23542916 13616668 5394556 9028968 16575164 0 61668876 24194256 24858552 18054772 13880092 5652648 5631632 5636056
417 3 7 13396196 23058180 11213576 6122164 13623812 11265048 64552996 0 59685220 33526804 17973276 14057996 7065120 7041456 7057592
428 3 8 14425740 25620855 17193508 10350636 18312504 29146592 21839296 60466432 0 49706480 33257092 15977180 7693128 7685204 7734360
439 3 9 20217476 15728448 12540600 20016680 25735128 23419424 22290524 28431872 40809144 0 14610204 17352648 8117572 8072320 8048272
450 4 0 0 72819520 22239644 21285112 11912324 14749735 14581912 13359556 17146924 26793868 18696920 21453604 21709492 11489828 11408644
461 4 1 67563807 0 80648768 25957376 18397571 14328276 15931824 11503320 12770890 17248844 44506476 22416636 19577976 9751984 9833368
472 4 2 23938052 87489808 0 41825816 11120432 33892844 21620016 17417252 15097604 22878632 46174660 22720728 16309988 9555012 9397220
483 4 3 31802464 36661092 49574472 0 45148588 38123308 19292668 18088724 14378340 19334232 78652064 11576208 5270428 4471504 4496660
494 4 4 10377024 19438704 14296808 35784036 0 40167532 35910292 23447288 15013401 18608452 9710892 50407704 9769784 9694532 9631776
505 4 5 17089756 13380840 31161912 34869276 39034152 0 59335293 11759108 21184004 23727668 83156944 18433596 6155960 6201588 6216392
516 4 6 10929444 13371104 19180808 25056488 39500340 49231828 0 40109216 12483248 29613336 30547920 18531120 10003848 10006256 10041156
527 4 7 8844820 8635028 13982056 26479368 27367640 15623368 41353828 0 55213120 34526524 23779128 20137740 9753916 9882552 9821496
538 4 8 8022640 9836132 9482016 16634292 16011056 25365464 17785020 50720484 0 60685908 26584704 20455603 10650240 10703676 10782520
549 4 9 27659528 19587268 26557852 17125840 28024020 25649996 27676852 32930328 60162746 0 45802140 19837684 10136284 10137076 10120984
560 5 0 0 66796608 32317168 41252236 33561800 18767084 27122828 27654792 24602524 32535144 30519872 62332644 18225388 9170276 9117084
571 5 1 64784432 0 65201976 40890896 27831312 16004652 16414212 15387252 14634409 20734236 28415981 20191324 18476644 10082748 10114292
582 5 2 37802344 62115228 0 52817124 24868492 26838456 18909224 17923480 13342464 16879292 43000112 19912958 17096092 10377896 10405144
593 5 3 37956044 51711976 51049472 0 21604460 25126580 21246276 16199580 14524488 15901608 41534460 20674480 12874188 12300992 12280644
604 5 4 53853444 30654284 18641576 19119968 0 68139528 30971996 14108736 14070448 18350632 67134568 26595756 10867956 10791208 10783696
615 5 5 17634148 10047852 31523236 16826872 62145944 0 62599654 29555388 6762728 6653284 9457724 48360264 9466600 9598432 9544080
626 5 6 29137204 11426036 22427832 28524855 30682584 50352468 0 44434024 32967292 46733772 59680036 18410908 9309504 9230384 9349024
637 5 7 17312712 7730988 14461600 9785580 10915904 30302500 36899620 0 34870204 27321828 38915072 21597700 10949892 10867980 10907064
648 5 8 19501640 11005796 12009108 14228592 12784917 10288720 24394468 38935272 0 67927899 24600236 22443392 12410938 12356260 12449168
659 5 9 24096496 22160540 19010924 16161276 18195124 16048356 34035760 21797316 62328212 0 19806228 22290301 12970844 13163576 13183404
670 6 0 0 44428068 17100364 32051680 22847220 35286744 19990116 25702444 20525648 22241112 14980248 21012648 18095104 9489380 9620972
681 6 1 58772824 0 38537188 47514340 15526420 13800872 8726872 14279705 14943400 12096156 39717068 17665020 17332604 6896632 6916660
692 6 2 14826352 44971932 0 27496084 31462258 18054864 4053240 10688784 27532048 17565080 18656896 17318316 12796724 7900208 7941484
703 6 3 28968156 40527732 26208332 0 51702968 15287888 8666892 22118488 22344908 16169508 22032644 15139260 8410620 8268192 8494364
714 6 4 19953464 18901924 27180484 58862948 0 39284540 8961876 27557508 20886744 18154544 18627616 18874740 9156976 9333468 9178720
725 6 5 32798488 10643084 11698000 13325376 47208300 0 44300004 36011352 21244776 8911992 74025747 17593280 6889052 6887640 6882376
736 6 6 16261124 4095900 2179832 4274664 5444016 48603285 0 50935484 2642748 17947236 8652328 9648336 8721932 8656232 8682720
747 6 7 32329212 18852364 8617644 13539080 14102240 33335080 60665787 0 57260904 26687632 85644744 13204820 3288884 3285580 3224276
758 6 8 11468168 15866848 28049192 18196908 19679268 23073752 7946349 58791555 0 55083632 62665928 16731592 7918860 7926860 7979060
769 6 9 20006782 13068908 17404208 14417516 17736116 9168812 20278592 23792324 58306728 0 27587136 19988956 10729080 10713932 10780920
780 7 0 0 55600184 22512420 16775456 19913900 21009108 40594044 31158536 40077540 41828280 19510804 51844664 22733352 12505064 12508816
791 7 1 66143024 0 21409812 12025028 15663812 13942672 17170336 13897732 19227328 23816920 21591108 23571152 24143844 13356848 13288740
802 7 2 19201876 26367132 0 60860840 26080332 29910879 24807336 15704160 14140992 18956552 61889804 22561304 17942736 12661820 12514920
813 7 3 12723616 10679188 64211192 0 50372064 26062560 29929232 7096252 9787020 31009844 21434696 17650840 11232852 11168464 11186528
824 7 4 18267424 15212222 29242348 51843884 0 37195432 15379412 31654376 20353988 21172232 25564500 21721704 13232208 13259436 13343516
835 7 5 21850244 10192312 35172680 29409208 43098684 0 38242359 31438132 31238768 18480136 23300656 24697348 11398976 11406221 11478852
846 7 6 51364120 25648636 30032536 33234208 15102900 50815640 0 56789132 29952527 25886165 75819121 15814120 7297904 7300748 7342712
857 7 7 15915120 7852828 14120640 5713228 36679144 26014311 55200440 0 72034148 13702676 10286100 47539068 10220008 10277780 10241752
868 7 8 36402264 28092344 17548644 12333184 19063164 31390428 35022644 71608028 0 74015812 68720548 18213392 9084024 9155620 9243436
879 7 9 40262284 25448756 22300404 29394068 20460628 18153104 28078760 23001080 48183668 0 47828468 21096896 14087508 14040232 14186104
890 8 0 0 32009232 26299268 26034024 11905612 19285532 29628428 17305840 22870320 28588796 14441624 68362360 18281382 7750104 7724056
901 8 1 34463024 0 49267932 14208156 23791880 18431728 19061284 17531716 23930260 13447250 22561132 35721811 19474804 9810764 9667384
912 8 2 29555044 55285832 0 36602308 13884020 25766900 10822060 18259672 25962928 13840992 20051980 18981488 14782064 9073304 9105872
923 8 3 36408088 11359196 36546184 0 52913900 31610792 14467964 27875024 24279702 7810844 45244340 14718616 8546092 8548514 8614348
934 8 4 20408168 24070580 14958628 56024029 0 58373056 15904576 17363996 19377772 15228076 21433606 20879628 11518992 11418752 11441580
945 8 5 21041740 20518272 22561048 35137412 62805160 0 45048184 14987256 20621400 12789232 24411616 22292896 10251896 10246180 10178144
956 8 6 18706944 21511344 11961431 20074256 12638444 48976308 0 54960588 35384184 23255876 58957848 17204532 9539400 9572664 9527688
967 8 7 13965512 29020780 21786260 28814141 20459568 14866188 55800168 0 46875188 45693380 94701033 9589532 1831148 1866740 1860856
978 8 8 20618560 21066652 26808500 24751032 22880624 21219644 31498064 46299964 0 46473920 7031748 64813469 7011944 7061356 6996660
989 8 9 20135776 19570260 16808892 16576540 13610748 15466352 27153500 51902012 61536544 0 49298032 19768196 10776072 10835268 10769380
1000 9 0 0 68956468 42104645 21372764 21662208 12567636 13910084 13078296 20190224 17806672 9118876 92098228 14572196 2272824 2250880
1011 9 1 70411348 0 56203680 27170224 9639484 6506804 9973860 22604532 13996220 17052804 16096552 37411400 16102660 4639188 4702816
1022 9 2 31485900 57924676 0 38017708 21459420 17807228 15721132 15066392 19678568 25654780 22325076 17148204 12332816 6343116 6443756
1033 9 3 14824752 23712260 35908236 0 35178448 19780340 23205484 6830948 17125992 17622236 13677224 12180308 5174776 4548500 4545908
1044 9 4 19668020 10359360 22670732 39919676 0 63856720 24517628 18417316 16096616 6894812 45159180 15533404 4981268 5002808 5015744
1055 9 5 16081208 7959516 11306432 20064564 62382108 0 72114944 18626708 18033600 15793736 18759652 20625016 6101040 6093492 6115764
1066 9 6 21692740 11355968 10197124 12890768 23037632 74265980 0 39428828 13792092 24998336 37104192 15000952 6276060 6242608 6222188
1077 9 7 21284332 21213176 11024892 3120072 20728084 13184816 53785948 0 41512776 34482184 36913356 17813264 3876512 3844408 3862100
1088 9 8 19623196 8165568 14560112 10274060 12244908 17420444 9109980 36743172 0 22225936 82715381 16215264 3409340 3469696 3447712
1099 9 9 17115286 24549568 20661636 16016824 8685556 18744148 22140656 29927800 20412484 0 5702244 7552684 5772496 5701004 5715788
1110 10 0 0 42158952 21179620 25954836 23929708 19955904 27463880 28717616 21790080 24854772 12761708 10751896 69856664 10855172 10886356
1121 10 1 57070948 0 59053340 31746520 20229144 23595320 15678816 33899984 40205424 27178724 19946748 72893000 17954820 5677640 5542624
1132 10 2 23835400 60962680 0 55948400 14401976 25556176 9951788 24115560 27072736 16813376 25792978 36942480 18708572 12235236 12134116
1143 10 3 23161780 38241064 59300319 0 45783736 21704268 19627836 24075756 19221844 23141380 18733832 18721080 12143456 11295220 11495372
1154 10 4 25365228 27612225 19604032 49134284 0 51753335 18048100 19779824 11581632 24851236 21008570 24305936 11810076 11894580 11849204
1165 10 5 17470968 26127616 29723236 17744952 64102908 0 66165727 26979156 13371696 28411784 58505512 24382348 10202400 10157452 10239076
1176 10 6 27017512 16124815 10653648 24327216 25345500 58137704 0 53449720 14935544 16216984 21335580 17429152 11225120 11172852 11237235
1187 10 7 24315616 27109840 22684468 25677724 22114212 29872168 45872320 0 17586018 16432462 65920632 23096748 11441032 11505196 11612204
1198 10 8 22843488 36925380 33920704 16549160 16987000 15340227 16641105 19404492 0 83344816 54777744 23346752 10729356 10722920 10775804
1209 10 9 46258395 28018448 19789388 22999172 27630572 31653444 15141948 17618932 86587161 0 68592160 17408941 10121572 10229224 10082160
1220 11 0 0 49386553 29334256 32461276 18094212 18571384 19489824 18837952 27694860 24034264 17424948 70968732 30405752 10648268 10520976
1231 11 1 43914612 0 40927400 23846912 34432248 26353700 23219116 9585376 10845008 21721900 39939196 7216012 38914748 7239760 7153680
1242 11 2 41514364 37880480 0 61234388 17466732 10471032 17118316 26395948 27694396 39724632 29453724 76909524 12979720 6343604 6388632
1253 11 3 33256376 31370396 59490100 0 70147452 8642660 8461152 7310876 14471840 14035896 16638284 44104944 9576520 8792368 8787440
1264 11 4 19590616 32937032 26020044 71566799 0 35452320 10522420 9098244 13166208 26741668 19539952 29003072 10803952 10624732 10786268
1275 11 5 18851204 26653356 11846460 7192320 36191592 0 33702140 32883100 17252432 17620980 19857164 23008400 10815064 10675156 10797124
1286 11 6 16904648 25536092 23507768 9141716 10806436 36636344 0 24644184 29771200 25625892 19132004 18025028 10682544 10580876 10602756
1297 11 7 17064568 10317180 22737708 14262044 9070384 28737448 24968372 0 51912220 15626920 23019452 21392412 10889420 10947868 10934700
1308 11 8 30239533 13159896 28670752 23602612 12693584 20766436 28842928 47130479 0 42419136 27800952 19000204 8930696 8975544 9045136
1319 11 9 27892132 25222596 39689632 18390316 24717148 20440040 34584120 19474064 42154856 0 31471852 17553628 10146496 10108852 10092468
1330 12 0 0 77199136 21578852 19831056 20928100 18581508 24909236 15743620 20305460 24817756 18023524 23904000 24635820 12603760 12767204
1341 12 1 80744536 0 53650040 27058960 38126788 14527416 19449404 18156635 19929280 22354689 22679008 70029484 19895428 9587836 9597512
1352 12 2 14808688 51007464 0 55419288 25417880 8966460 35934136 18643952 15731624 9155844 53805596 8763240 9119228 8732711 8770344
1363 12 3 19345372 27157064 62999360 0 64746632 44048552 22589640 22481544 14623760 23563936 14385384 54565236 8246204 7573060 7645120
1374 12 4 27726156 37685212 27645408 53609316 0 51101708 13419763 21063408 25964608 19146384 18033604 71552252 8580616 8667172 8498364
1385 12 5 17837936 12834648 8509084 34525611 49581580 0 21518616 28533224 28693860 20635084 25418560 54001348 11546988 11680488 11694808
1396 12 6 24486740 20490740 28707260 26426800 13329540 25797050 0 61568612 21611388 15649900 21966960 17642465 12364164 12365835 12326716
1407 12 7 15603304 16540712 20624540 16873648 19497220 29798028 68087356 0 59723108 38276935 18546636 55951272 8057352 8155556 8111952
1418 12 8 12502344 24064092 20190904 14015613 31113387 26794952 24887739 50430284 0 43873684 20233124 19783452 9213324 9238036 9270004
1429 12 9 24422028 17322834 14844684 20420196 19239988 18913720 16702700 26703260 37895145 0 22676828 20746372 12673756 12765936 12865016
1440 13 0 0 68425348 26139148 23805984 18924056 14624904 18908916 25854608 12158692 20157204 13687036 20449212 17087804 7563788 7584800
1451 13 1 90996272 0 76502952 4551836 16512412 8763980 5451712 13171864 6250676 4669120 20323716 22057732 16163856 6596928 6608292
1462 13 2 27986328 77135992 0 40550300 13895631 16393624 10506108 11426568 22854532 7358060 15646916 71002372 10334312 4398160 4475740
1473 13 3 22733480 7493596 33473644 0 34211088 33979648 9361952 4868552 5892620 13347084 7159712 6232568 6343204 6227064 6264456
1484 13 4 21555896 17406996 23486328 30518340 0 32387480 27950636 18769664 15953720 29711188 16784036 63000624 5992740 5987056 5948464
1495 13 5 11302284 13241196 19957772 40455632 40565631 0 49616224 8598708 7259560 12189688 16985252 33086052 6881072 6894484 6860496
1506 13 6 12006150 7812760 12282284 10690092 34247972 49541764 0 36358076 10371232 14041696 15969272 24207544 6441824 6403288 6390056
1517 13 7 15995332 11625796 17739200 7815880 21141836 9573916 39920156 0 52990452 36533132 16919428 12486492 6008956 6034368 6011484
1528 13 8 9578140 4715404 18477964 7661324 12350136 8079280 9724896 54984424 0 65135412 14986148 22169148 6383724 6435380 6429640
1539 13 9 15815356 9339864 12748960 13467820 30411560 11211284 12867092 33650008 59654308 0 13883724 15917752 7277920 7264512 7286724
1550 14 0 0 56722708 27440904 36575356 17084276 16965324 20495104 18000824 24087116 23342320 18099960 22106076 21763404 12026880 11968476
1561 14 1 62442396 0 64307712 37515328 19362751 14457808 24974732 14272161 16815820 20856948 21644284 32900288 19748340 10142476 10257368
1572 14 2 40701320 75994936 0 53123992 13596904 17778432 28031040 16661336 13048672 18608996 22918540 63464379 15790560 9058068 8907088
1583 14 3 42442276 37604956 59931706 0 8953348 8708624 16367488 9806796 15720984 19924340 20287928 54307676 11669376 10947468 10777060
1594 14 4 10251910 15868604 14384972 13193280 0 62572052 16472916 22431716 20966844 9953484 43598196 11999652 12128652 11999264 12026900
1605 14 5 19512520 13685016 21665268 11462368 62063224 0 68690308 40210408 34234028 29433440 24990472 73003993 7835204 7895740 7747072
1616 14 6 17526084 25350280 38697176 21373918 21122116 56857960 0 41801752 12655888 24877752 19951912 54335024 9243972 9213264 9235592
1627 14 7 12127560 8089012 11068376 7469884 31916542 37143794 41245376 0 39687164 30707272 22559076 20989204 10181020 10235052 10246548
1638 14 8 19710552 13326696 11456860 13259828 21566352 38059040 16809944 38665620 0 65262140 23842972 28866784 11493732 11557968 11514704
1649 14 9 19053564 24369136 17554892 19061000 14165388 32399860 23897708 25044156 62619904 0 18496840 47395896 11113132 11100824 11067586
1660 15 0 0 40986664 30430876 27418668 45109864 22388420 34502964 28502372 24677216 30607868 17871572 21481684 75259476 11553196 11666956
1671 15 1 53838432 0 43553932 35054852 28350484 26697812 20592548 19395504 14344064 19769148 22913032 22735556 19510012 11369840 11205924
1682 15 2 30480312 53769432 0 37399000 33516620 30402552 12924080 17422800 13847295 22137452 25155448 49694052 19470136 12796600 12823784
1693 15 3 21760504 36545732 39623892 0 55230540 14523424 28226028 14926456 20652912 22187712 21606340 36024789 12740976 12048752 12045084
1704 15 4 47814940 28716384 32075612 56364572 0 41056672 26758840 27483996 18415000 24932872 15144928 76122560 6487204 6386440 6526384
1715 15 5 19728604 24384376 40029512 10166978 36409300 0 52573000 30039420 8034716 9838004 50192488 11459120 11430532 11403872 11428224
1726 15 6 36552020 15177309 7133508 29887260 20879620 50736748 0 60951443 19140232 44198696 16998972 82034214 6867932 6752532 6775056
1737 15 7 24053840 19278232 13965396 9024932 19859236 31203648 59423824 0 60110880 18322952 23579322 50916668 13234487 13304032 13336136
1748 15 8 19660824 16450208 14977700 24931256 20129324 14097752 14037912 45176291 0 57670000 24291496 24153340 13164944 13163480 13204928
1759 15 9 29522446 24166560 19697124 25885036 26695160 19512692 25998290 24060916 55002612 0 22260912 24225280 14939708 15119836 15057536
1770 16 0 0 49070416 13911696 17989048 14120096 23247228 17313944 10720048 12819916 17743592 14948420 21622620 17892819 9484496 9501472
1781 16 1 57226172 0 17019868 15688769 16200892 13837808 18520528 25574062 17887572 13615416 19187092 18687220 45261932 7337000 7347668
1792 16 2 15271540 21633832 0 59922620 18330012 20847452 11108140 12021492 9797900 18264816 20892716 20372652 14890500 10129792 10110780
1803 16 3 25286932 16194626 61858444 0 45722932 31582596 7169912 5265868 8950404 31307176 15282332 29685492 5977580 5966152 5905036
1814 16 4 13727296 20474360 24195144 52372712 0 47459596 14480752 19977264 13457444 12930117 17323916 52317160 6596368 6608156 6583696
1825 16 5 26533416 12311676 23909020 36933100 40183336 0 55554772 27446492 11700648 15927720 14195296 82696755 4284276 4340564 4318216
1836 16 6 14547340 22579096 10814740 9762732 18003896 41031236 0 54369012 22391888 22868404 8492096 7222320 7154804 7143128 7126852
1847 16 7 10657268 23926424 12353392 6033460 18285372 25036948 58471639 0 70394645 29613336 18288164 57014466 5078800 5079708 5065512
1858 16 8 9230924 18812276 8704572 8069444 13285064 9369096 22007460 69743884 0 42784564 17701016 23255728 7323896 7361316 7326496
1869 16 9 18061408 18065484 19710372 20826208 12260924 23024784 23849764 31714640 36412260 0 14953200 20610668 9098168 9130188 9266296
1880 17 0 0 34994392 24903568 16559647 16621344 27644200 29478820 28631484 30328796 33357956 17659404 19614252 55510144 10688968 10727080
1891 17 1 38283376 0 54072576 14343892 13922444 13358776 31336996 13094004 13740452 14800904 19196504 21919356 26537836 11220172 11247852
1902 17 2 34171720 56736084 0 43151508 13549995 15074144 19809378 14812912 13611436 9145832 19713616 66065745 26756816 7413492 7388756
1913 17 3 13952916 9843360 38315000 0 46432532 32250692 22478992 19405888 19613104 8317188 19952528 17092952 10700852 10867612 10751440
1924 17 4 14354500 12499232 16702744 52792616 0 55904220 12917084 24516856 19743004 14812288 20084304 23027804 11204248 11272620 11277612
1935 17 5 28214948 11600892 19881076 30782416 66658328 0 54222096 11040128 41488844 17073272 18593028 32683684 9126544 9065384 9145780
1946 17 6 31073172 36143496 23695980 26854211 15335192 48814500 0 46210876 31546380 22619812 12021152 56060620 5500892 5537688 5517440
1957 17 7 19383415 9162544 15511228 16980160 33872256 10698708 54192380 0 48929128 28768708 46128244 7715020 7713752 7698792 7662072
1968 17 8 21124879 12939656 20176580 19135720 17551868 36376076 30696680 60153704 0 59019044 18162236 69976968 8128356 8097808 8101452
1979 17 9 25066268 16451260 12428276 14367084 14926848 16075644 19832188 31219960 66546832 0 17150116 46663104 11521060 11448196 11442840
1990 18 0 0 62479128 21734484 19555396 25183780 17750868 11729364 25491076 26171716 19681692 15676260 20157108 44289520 8937752 8966676
2001 18 1 72190792 0 54785916 26295988 22013488 12240712 20422868 16790324 18999788 6581440 19892460 18723340 35671284 8030192 8070128
2012 18 2 18505160 57029468 0 33321396 12716408 21766432 10498968 24502624 13892708 26311872 19582132 18159296 14138900 8506052 8578008
2023 18 3 21470508 24650944 34114892 0 36650903 19490916 22052968 24544148 17427416 21872512 13174914 31963348 5591460 5577056 5604707
2034 18 4 21582476 21897960 13435668 39596185 0 60792356 20546984 22090600 25935404 23940028 19199836 23738576 9204020 9186760 9216068
2045 18 5 19133692 10665364 21872796 21440828 63008024 0 66881332 18227944 10557056 17107232 20322524 24980496 8620664 8560344 8605336
2056 18 6 12718440 17857752 9816344 19206956 20786988 77189120 0 40335768 12037136 21662228 17321104 16596972 8913472 8909488 8964756
2067 18 7 22067508 14678716 21848991 22567752 15360572 15868796 46629776 0 48821052 43664609 18905476 75177904 6522656 6519056 6486380
2078 18 8 32686564 20783024 10740944 17025608 30711456 11550236 13368180 38350388 0 32135992 64898184 7823540 7833548 7766632 7752124
2089 18 9 20758372 11865660 24770816 25528668 18322900 14324476 16026592 47244946 51374588 0 11905072 84154628 6730848 6657200 6674576
2100 19 0 0 45890323 16472480 28030504 18855184 13166852 24308952 22835340 36021080 34860108 13739876 20055436 60909232 6895568 6858388
2111 19 1 49198200 0 61949156 35939596 24879447 9501112 10331616 15907680 31453309 12194104 18131884 19336142 44879934 6688492 6720060
2122 19 2 19217492 63226732 0 54544952 18896184 9692529 7132600 16899912 30500860 19197064 21805496 19550671 28384864 7622188 7641604
2133 19 3 33080660 41907304 59721568 0 48658556 8011076 9140328 5910936 10904376 17880104 15544604 13914857 7093644 6402604 6468540
2144 19 4 21488268 29162832 20633920 52020404 0 46870706 20176044 7663944 21625348 14609940 18532802 42881496 7956196 7855832 7993416
2155 19 5 16706273 12148760 12474696 10508904 53950104 0 47717940 26219876 31159732 15348764 20905352 23875216 8826164 8705232 8741764
2166 19 6 28389452 9459456 5063580 6360084 21516844 54209240 0 44289448 11673152 19431112 16290216 18097032 6731600 6825808 6732584
2177 19 7 16139440 11520312 16978340 4736812 4970872 28454828 49572564 0 15621388 8639344 25424528 49259972 8140680 8258892 8092412
2188 19 8 28527193 27643064 25365548 10781880 34891192 42732544 9893304 15695352 0 71451232 14179224 86194320 2938644 2913412 2887832
2199 19 9 27039069 13793980 19785108 14412336 11113344 12965552 16648532 11174648 56828649 0 11537084 9945188 9935420 9993044 9954764
2210 20 0 0 43167968 33242048 11684348 12718304 26585168 24518192 12314012 15492748 39023375 12754320 65073916 10842535 10869144 10870312
2221 20 1 39475348 0 44068068 26723604 28420164 25757012 20678672 29787448 21765344 37669478 18531776 25266604 92467996 3874348 3846368
2232 20 2 37417625 59984424 0 56107340 23819107 28944376 19071024 31362928 26424048 29695236 22497662 21546440 51534892 8928988 8977833
2243 20 3 13829696 21962072 57212632 0 71196192 21145904 16385328 21844036 10238544 17956330 18907676 19078348 12090080 11344496 11376972
2254 20 4 15090344 22853536 26179864 69791864 0 38576048 11714684 30057924 21568875 19625908 21713048 22307248 11236288 11106992 11201528
2265 20 5 26363576 24516304 33098296 21937020 42740552 0 35493176 44845832 15545796 18464600 22575891 60109588 9705956 9816868 9786460
2276 20 6 21398340 18311848 15533328 18910528 12587576 39605044 0 22784316 27672168 20159892 21692048 16762200 11975496 12072740 11995136
2287 20 7 15759504 29878804 34224984 25326824 29181052 33519720 26612600 0 51180860 19180852 22398524 62779703 9632204 9658812 9664372
2298 20 8 12254548 20002676 30201508 11824448 14015808 18431424 27742852 47515316 0 61046580 21307624 31725680 10331024 10308032 10262164
2309 20 9 57099285 38714268 31555504 22700096 17726684 18899064 18947032 18813004 41422604 0 15740340 59592374 10357132 10326070 10391272
2320 21 0 0 72652460 29351948 30334200 28069275 16445692 26678476 26455936 25656096 28116848 15528056 17316928 80537193 8811116 8768120
2331 21 1 70245156 0 64783156 22488112 21441584 12427972 11098836 9008260 17770516 11152672 12224124 36230648 11068189 11093084 11042144
2342 21 2 35724624 61018278 0 52544212 37354748 34456505 16886436 25371281 18624673 25981519 18577292 18559229 87357699 6852868 6796988
2353 21 3 23263474 23074093 51416354 0 51109109 28273500 9849916 10045138 10048058 12931078 18728919 16740364 22714356 11005232 10891811
2364 21 4 20865113 24959700 33126416 50286299 0 49885644 11357571 9705280 9766892 14113854 21054627 22999488 12091118 12018252 12091997
2375 21 5 13618100 12753237 22888580 26186995 46378988 0 14222488 8932576 8692446 11881976 21919108 24459056 12334860 12562640 12456536
2386 21 6 27694310 15771576 16968401 14862440 12164544 17044256 0 65248789 27167223 29770560 19409068 34612221 10942452 10745272 10823836
2397 21 7 26583059 14218939 25893536 11885364 9857856 9485990 63560822 0 53459251 39913608 21474436 22130047 9394720 9340168 9355116
2408 21 8 24848627 21038299 20168240 13297124 10712196 9276540 27723660 52244875 0 44583034 18012916 40334380 8873016 8775936 8739397
2419 21 9 27875717 15606016 32498390 13876736 10794144 8970877 36492214 36671266 47560381 0 14773976 34266570 9660992 9696215 9680216
2430 22 0 0 74933877 19190144 17693150 14192807 22847108 20839566 25008364 14926349 16760632 13252089 20068388 48944244 7658962 7609260
2441 22 1 81222388 0 65592852 28314374 13246824 17327788 11737889 26455230 12690276 8831563 14695932 11781472 93011718 1693104 1719844
2452 22 2 17601764 71511852 0 32548432 6660136 7059827 2695728 10243873 16816836 6929780 7632384 6146454 5632920 5636024 5683204
2463 22 3 16668958 27243844 30422496 0 34744608 33095880 14759341 13658340 8620028 36753940 12545952 11259860 19871944 5583068 5658487
2474 22 4 13135534 17252945 6259996 37331172 0 27172292 22800852 18655067 4955900 14826872 15535367 17832224 12143704 6104225 6085184
2485 22 5 28667993 16194138 7332072 32491634 24434635 0 44467357 7203540 15751996 8157496 18076756 19999488 5706295 5600524 5641268
2496 22 6 15243531 11271955 2875712 14490668 26092153 48247616 0 34288140 5265692 16714844 15504357 11455956 5672928 5721416 5746076
2507 22 7 19800853 27343054 8416668 15554347 23540448 4982820 34759308 0 51174055 31083820 16001463 27913470 5575252 5535604 5628140
2518 22 8 8614220 13912684 12808428 7540752 5905940 19126496 8308926 46201816 0 54798592 16067128 17767072 6585776 6588095 6624826
2529 22 9 13876124 8157300 10832040 30421792 18016101 6662222 16712594 30700620 56879329 0 13574092 32969398 6585208 6599848 6659848
2540 23 0 0 14950484 14858176 2598744 2548368 6184860 2578640 3533392 4291453 7673956 6745288 11223664 13525707 579368 574680
2551 23 1 18206912 0 15761294 401900 830152 68040 2356576 481560 14032 2825576 12966824 13441984 10136816 456872 452448
2562 23 2 18735435 11216256 0 0 1378995 1671688 1568 3713908 0 355320 10578788 12009958 21944183 0 0
2573 23 3 1058184 2463026 3425776 0 5552419 1065592 330772 5632 2087532 5792 1498084 661576 509560 503392 520552
2584 23 4 4401280 709016 2338952 688704 0 7239656 574200 0 55736 706660 11269464 10468824 501856 506496 512800
2595 23 5 7217702 232600 1548448 40 7515292 0 6864192 1044920 0 1024 10723613 12525351 962408 486272 502264
2606 23 6 408840 1565127 6712 2968 1446712 4805940 0 4868144 1269280 326480 10056616 9775201 495408 523736 514680
2617 23 7 1576512 394704 2163824 0 4360 644856 6819954 0 5900139 1800840 11490510 7640956 530608 517384 512712
2628 23 8 1527232 3392 256 0 256 0 1471280 3994908 0 5981640 9084512 8648144 506576 512768 493720
2639 23 9 8031004 405968 257328 0 734864 0 369832 301720 4406216 0 7109396 11067040 497272 498956 486656
2650 24 0 0 12781628 2163288 411416 5392 2794664 8112 1070246 2710672 5459968 6345756 10110408 11326316 0 0
2661 24 1 11830128 0 13415545 1680148 0 317272 1784196 251752 812128 1431012 11987924 11906248 13136800 0 0
2672 24 2 2736844 14885148 0 5553928 2584 1375068 3936 4004920 3536 576056 12246948 11676580 6852376 0 0
2683 24 3 352288 2421224 5114128 0 1259024 1345192 370180 2016 1543720 4544 9417304 7217084 1468064 0 0
2694 24 4 4808 647312 1524528 7506420 0 8525608 1068400 0 306296 1658088 2869816 682720 0 0 0
2705 24 5 2863544 248744 1549152 692520 1462592 0 6412548 727136 72 3912 11706196 12351970 0 0 0
2716 24 6 10312 1207056 1472 368272 0 5481752 0 6898056 1298468 573072 10767532 8449720 0 0 0
2727 24 7 1570840 351428 3080760 1744 0 693560 7114940 0 6314964 1846072 12443230 11052264 0 0 0
2738 24 8 1937008 268384 7376 1902200 0 5256 2237744 5433056 0 5966588 12270556 9771860 0 0 0
2749 24 9 3859368 1110744 326784 5176 0 0 212312 1514248 5967510 0 7438385 10076796 0 0 0
2760 25 0 0 10942264 1926296 225984 1168 662660 3888 1511641 2540488 5465036 6279049 10721728 9231113 0 0
2771 25 1 13156392 0 11207988 1577144 12144 0 2011136 249720 830032 1747560 11662628 10491744 8451856 0 0
2782 25 2 2201792 11118766 0 5851112 1862440 258420 1588 3190796 4424 18756 12143416 9490640 7149936 0 0
2793 25 3 744064 2357128 5264704 0 6949424 6736 321948 1896 1795648 3816 9534513 8506712 743416 0 0
2804 25 4 3640 22480 2123744 7386232 0 558272 1347608 3920 244912 1405344 8341412 10880871 0 0 0
2815 25 5 2509076 221552 1964580 1909192 6308584 0 6799864 709968 0 3896 1539940 1412840 0 0 0
2826 25 6 3880 1225296 7848 304896 992108 905696 0 6139044 1096928 534328 10206476 9320676 0 0 0
2837 25 7 440248 363624 2332528 1224 24 0 7178564 0 5734292 1442424 10488824 10887499 0 0 0
2848 25 8 1552872 444032 6736 1511800 155896 0 1752744 4797720 0 5934752 11189112 10072380 0 0 0
2859 25 9 3808240 1515432 13944 9216 1974894 0 13840 1580904 6079788 0 7277692 9385408 0 0 0
2870 26 0 0 12058432 1087248 351752 1408 3375472 0 2493392 2510956 4880636 5606776 12428592 8824332 0 0
2881 26 1 13153976 0 9612592 836344 278576 247720 498888 250304 906392 1535424 12020072 11475040 10554604 0 0
2892 26 2 2170928 12168288 0 4946920 2103508 1357248 3160 4340112 5688 358584 10960520 9443932 4917788 0 0
2903 26 3 343600 1559800 3708596 0 5061224 274412 329424 1792 1354760 952 9428952 6820364 76288 0 0
2914 26 4 3240 392544 1955380 7462676 0 5870821 3328 0 34268 1626712 9706332 8779056 0 0 0
2925 26 5 2361648 8328 2187672 1223440 6202836 0 280992 728608 0 56 9992040 10843644 0 0 0
2936 26 6 10520 1565688 7040 672088 665744 6039452 0 5117412 1578552 258648 1371716 1068776 0 0 0
2947 26 7 570512 330952 2780100 2184 0 295872 940872 0 4724596 549528 13321400 9940452 0 0 0
2958 26 8 1294348 482016 2608 713056 147056 0 369792 6380884 0 5804796 10404856 8827560 0 0 0
2969 26 9 3960308 965108 276472 5184 1870960 2704 792 1223536 4731292 0 5803068 9285576 0 0 0
2980 27 0 0 10341024 1390388 231216 544 2303692 8 4928 2353256 5059848 7014148 9222572 11177204 0 0
2991 27 1 13635075 0 10899696 1416596 854368 264792 982616 0 1075224 1003032 7942000 10781018 10907092 0 0
3002 27 2 1632496 11430784 0 4127248 670956 850580 24 605568 3544 370624 13045828 10465932 5454456 0 0
3013 27 3 721520 1360572 4784552 0 4539460 549268 292688 1752 1390424 3352 9259148 6603802 0 0 0
3024 27 4 3200 383976 1787680 7322088 0 5527360 1346252 0 315504 2062056 8913226 8247033 0 0 0
3035 27 5 3379604 13084 2806908 1603528 7998892 0 4337192 270884 1200 2448 8057856 10962400 0 0 0
3046 27 6 2032 825320 2224 384840 1025536 4559460 0 960976 597976 43648 6579304 8631048 0 0 0
3057 27 7 763752 378636 2582012 3784 24 914680 7137112 0 4894312 402076 1548224 1774060 0 0 0
3068 27 8 279520 97456 6696 663552 6128 0 395824 527504 0 3670872 10046296 8957763 0 0 0
3079 27 9 3886776 860488 568304 4928 654656 3536 583072 0 5497036 0 5590044 7125040 0 0 0
3090 28 0 0 9860180 1750504 488648 4960 3403764 7280 1623740 716636 5700080 6681256 11910944 10550884 0 0
3101 28 1 13133404 0 7635400 1825440 281524 207008 1628920 18296 0 1061872 11865364 10690876 9946409 0 0
3112 28 2 1727684 12703900 0 1896404 1826996 893520 1640 3049104 0 651968 10961788 9827304 5738886 0 0
3123 28 3 696896 1472384 4938728 0 4979460 1341544 617752 1360 559496 2688 8048404 6232384 0 0 0
3134 28 4 6592 669328 1937464 7513396 0 5528804 1084364 3024 0 2253768 9993656 9621152 0 0 0
3145 28 5 4287648 16236 2773636 1613368 7930944 0 4097488 541088 0 2864 11602800 12218360 0 0 0
3156 28 6 2664 1206852 7408 367692 999185 7007128 0 5087156 414240 185528 8906252 7754224 0 0 0
3167 28 7 690000 370436 3097352 3640 4912 936816 7404552 0 615060 537632 12279920 8285354 0 0 0
3178 28 8 1010768 479672 1440 501560 3704 4824 1222448 6085116 0 5573184 1714036 1415268 0 0 0
3189 28 9 3451748 682424 275904 3768 292712 0 495336 374056 792480 0 5840936 10232894 0 0 0
3200 29 0 0 12514596 1834948 486792 4224 3260944 40 1796984 1903800 409816 6914148 13295364 12597756 0 0
3211 29 1 13022972 0 11541452 1440480 550336 303976 1173012 242908 1083888 0 11531066 12790868 11579020 0 0
3222 29 2 2469744 13346076 0 5850816 1512360 1378740 10048 4639100 6392 2000 14286713 10920452 6027164 0 0
3233 29 3 711732 1002856 4501575 0 6687140 975112 550656 0 1515080 2952 9174544 7751208 725128 0 0
3244 29 4 2144 707016 1725768 7101672 0 7438828 996940 0 145248 0 10658267 11501393 0 0 0
3255 29 5 4058248 220768 2807256 1528628 7939228 0 6177288 537672 0 0 12384263 14455688 0 0 0
3266 29 6 7776 1438688 5624 687352 709776 7679412 0 7633608 1392492 345360 9587724 8875740 0 0 0
3277 29 7 1109749 364616 3730772 3096 48 903080 7528980 0 7191128 668376 15500028 11690532 0 0 0
3288 29 8 1771124 253648 8 401368 139680 0 1648140 6730320 0 2006924 11300812 12911736 0 0 0
3299 29 9 4940196 1644000 284596 7888 1262344 0 214056 1231448 6188988 0 1622600 1841736 0 0 0
3310 30 0 0 14222032 2476864 498192 3608 3713068 8408 998136 2286788 5645612 1909684 1472264 2792408 0 0
3321 30 1 4844252 0 13508180 1401960 406008 250712 813808 257808 817656 1496616 14758400 11436960 12521602 0 0
3332 30 2 893336 13754552 0 5147904 1878928 1991152 1528 4751732 6008 637796 13775796 12674328 6942944 0 0
3343 30 3 390192 1839240 4104864 0 6911920 1766548 328464 2948 2101320 5004 7733216 7354436 739880 0 0
3354 30 4 0 1055736 2659664 6418328 0 8201612 438952 0 201176 552240 10605884 12938336 0 0 0
3365 30 5 40 129896 1458472 1150116 7496936 0 6837036 641376 0 0 12836588 14212359 0 0 0
3376 30 6 0 1345620 2552 378456 1334840 6916564 0 7223932 1287504 535892 9783456 6224235 0 0 0
3387 30 7 6832 356064 3516364 4232 80 905472 5438464 0 7143288 1567388 12887472 11556324 0 0 0
3398 30 8 0 543872 3384 708024 146880 0 1843364 5050104 0 5516432 11056912 11535652 0 0 0
3409 30 9 1248 807956 265672 4392 1131280 0 210976 1047504 5719712 0 6773244 9254324 0 0 0
3420 31 0 0 1104 883880 314352 40 2840820 3136 909232 1485440 2358968 6861620 8708884 7881684 0 0
3431 31 1 9757144 0 13599292 1679792 579952 54060 1432480 266064 296620 1721664 1243742 865848 1333272 0 0
3442 31 2 1019696 2115848 0 5454560 1620472 1492400 4888 4315040 3440 16008 11756209 11835552 6640948 0 0
3453 31 3 356616 62240 3152360 0 6195632 967536 623496 1288 1813768 4504 7776924 6154461 738984 0 0
3464 31 4 260 1184 2436132 3918916 0 8384248 610392 3352 51632 543776 9045728 10324812 0 0 0
3475 31 5 3462708 4120 1250212 1383136 5065848 0 6469392 962808 2996 16 9598564 12509180 0 0 0
3486 31 6 5736 505160 2792 327232 845824 4965460 0 6020208 1025152 584104 8642592 7435832 0 0 0
3497 31 7 2093644 50936 3953292 5144 3792 272024 5054768 0 7234052 1469688 12016112 10699680 0 0 0
3508 31 8 1605920 0 4176 1454448 160632 0 1527336 4238668 0 6118112 9280540 10337544 0 0 0
3519 31 9 3660704 273864 438272 3048 738152 0 214460 1290404 4743320 0 5489868 7418400 0 0 0
3530 32 0 0 12960960 5168 424176 5384 3316440 6272 954892 2064484 3601576 5589704 12408324 9944284 0 0
3541 32 1 10577376 0 670852 794740 150512 3080 974376 245320 102368 1703728 13106484 10062704 10358812 0 0
3552 32 2 1764124 11171184 0 5146976 1428672 1347352 6744 3731660 4448 288344 2029584 463880 806888 0 0
3563 32 3 344416 2243316 324864 0 6042312 1504104 339844 3048 1557312 6608 6874204 5698812 759936 0 0
3574 32 4 3248 630800 0 3979672 0 8708812 632968 0 51972 561488 9377940 11868669 0 0 0
3585 32 5 3398620 239792 726444 709528 7006448 0 6699416 943800 0 1024 12322688 13420240 0 0 0
3596 32 6 9976 1629040 0 709100 1681552 6953736 0 5868832 979880 237912 9800996 5745564 0 0 0
3607 32 7 1226616 10512 1014720 6128 0 291220 5106420 0 7048612 1850408 10353516 9791436 0 0 0
3618 32 8 1894844 504276 0 1470040 4576 0 1493728 3322148 0 6639176 9595920 10590976 0 0 0
3629 32 9 4887544 724376 1152 3000 762896 4184 212312 1440160 5970736 0 7066860 7961104 0 0 0
3640 33 0 0 12554436 1952004 0 424 3183456 5864 917840 1790208 5194088 6231840 10829280 9741012 0 0
3651 33 1 10921668 0 12163800 408504 846056 61952 1380408 259720 13264 1447280 12678128 11717416 9718025 0 0
3662 33 2 1523500 11146436 0 0 1396664 1626624 2192 3736428 2488 356691 10661825 11996024 6055552 0 0
3673 33 3 354628 2494680 3890728 0 5465312 1073752 329784 4944 2070020 3672 984848 130212 0 0 0
3684 33 4 4168 693432 2358540 694280 0 7235928 544392 0 55760 704928 10832784 9980028 0 0 0
3695 33 5 3653240 224848 1573896 16 7591264 0 6864752 1039744 0 512 10134156 12135652 0 0 0
3706 33 6 8344 1574084 6176 2712 1462176 4800824 0 4841076 1282672 313332 9704309 8348852 0 0 0
3717 33 7 1598336 399576 2156940 0 5136 659560 6890624 0 5758572 1876612 11027472 7066190 0 0 0
3728 33 8 1511928 1728 8 0 0 0 1479380 4004852 0 5949112 8536500 8239776 0 0 0
3739 33 9 4374604 418216 276648 0 710924 0 392784 320904 4488420 0 6637276 9324220 0 0 0
3750 34 0 0 12629920 2168984 427616 4032 2748385 5008 1094376 2734536 5511776 6349416 10204487 10394746 0 0
3761 34 1 11711248 0 13331296 1636244 0 320224 1768904 249272 805424 1434504 12052492 12019400 9774188 0 0
3772 34 2 1822968 11681892 0 4798516 1024 1368464 3512 3325276 2680 273464 12270932 11612792 6873684 0 0
3783 34 3 337464 2425068 5013392 0 1273492 1364216 380128 2024 1547532 5360 9343500 7193012 725312 0 0
3794 34 4 3312 651416 1463424 7382472 0 8419048 1091754 0 327760 1613216 2865112 681084 0 0 0
3805 34 5 2829904 225336 1556640 692096 1445232 0 6328540 725800 16 3008 11716632 12318788 0 0 0
3816 34 6 8536 1243992 768 366928 0 5505032 0 6975024 1324440 566528 10624656 8541756 0 0 0
3827 34 7 1598336 345488 3066772 3272 0 691448 7090432 0 6358968 1841824 12708032 10441872 0 0 0
3838 34 8 1919500 262072 7032 1833730 0 3664 2126340 5505988 0 5937112 12474420 9830340 0 0 0
3849 34 9 3885288 1054744 308224 7552 0 0 215592 1511424 5923591 0 7541216 9807256 0 0 0
3860 35 0 0 10831892 1932560 226760 776 637984 3752 1489556 2528896 5505220 6223976 10737856 9366160 0 0
3871 35 1 13191496 0 11208136 1539800 12320 0 2015152 253024 849248 1720688 11715012 10451828 8463348 0 0
3882 35 2 2158080 11018336 0 5903280 1855556 283024 544 3231192 6552 12208 12196328 9530332 6893960 0 0
3893 35 3 708384 2391476 4798496 0 6996928 8368 338596 2392 1800652 2792 9594920 8620420 713792 0 0
3904 35 4 1600 21676 2179736 7417328 0 568128 1334104 6440 253088 1391840 8468276 10977720 0 0 0
3915 35 5 2521736 242656 1930484 1917596 6329288 0 6901428 701976 0 2264 1491344 1411800 0 0 0
3926 35 6 4576 1242624 5856 319528 1018624 875008 0 6110596 1160944 523712 10448984 9323304 0 0 0
3937 35 7 435948 377824 2388220 3360 16 0 7178432 0 5705724 1418884 10341644 10878860 0 0 0
3948 35 8 1566032 453728 4448 1517072 164520 0 1810952 4645660 0 5905540 11232608 10097788 0 0 0
3959 35 9 3762408 1445268 12680 6640 2011752 0 14200 1561572 6026056 0 7301616 9294700 0 0 0
3970 36 0 0 11999152 1099828 354484 4384 3367160 0 2515144 2501020 4961040 5589828 12339869 8594780 0 0
3981 36 1 13022120 0 9532140 832008 273420 247816 476264 243232 869568 1536056 11921904 11364552 10675956 0 0
3992 36 2 2125864 12084764 0 5053528 2082688 1392064 4512 4412224 3928 368384 10753124 9362996 4941184 0 0
4003 36 3 344912 1555820 3721220 0 4974372 271480 334544 2784 1391436 4192 9417156 6831188 77056 0 0
4014 36 4 2008 387908 1935576 7431852 0 5827824 6008 0 29600 1649208 9617414 8740895 0 0 0
4025 36 5 2350316 7092 2150980 1209324 6172664 0 272608 698384 0 0 9980900 10837080 0 0 0
4036 36 6 10912 1545224 8732 648008 658200 6047580 0 5117424 1553072 243804 1393488 1045928 0 0 0
4047 36 7 556128 337304 2758948 1048 0 285588 952896 0 4745440 565720 13351953 10050076 0 0 0
4058 36 8 1273628 506540 3216 689432 147960 0 376776 6373100 0 5837972 10372624 8943453 0 0 0
4069 36 9 3964112 1012428 269712 6016 1859232 2712 1048 1220312 4765663 0 5870276 9362572 0 0 0
4080 37 0 0 10361572 1375252 218424 1112 2274840 24 2256 2372244 5108604 6999660 9302988 11159140 0 0
4091 37 1 13656492 0 10862944 1413644 822512 264136 959952 0 1127896 966760 7875700 10864039 10796192 0 0
4102 37 2 1642776 11381540 0 4204220 667108 860192 0 630360 5744 362128 13231576 10551912 5282364 0 0
4113 37 3 709632 1349716 4775512 0 4586292 563752 278264 2008 1374356 2264 9329736 6651398 0 0 0
4124 37 4 3064 408536 1795060 7406620 0 5560040 1346720 0 312384 2079992 8880749 8294740 0 0 0
4135 37 5 3382344 9408 2836060 1552232 8000732 0 4299564 256704 1280 1048 8094844 11006632 0 0 0
4146 37 6 2792 802176 1288 379684 983208 4602536 0 998336 578312 39984 6486772 8518332 0 0 0
4157 37 7 743832 364040 2559824 4496 104 934216 7039652 0 5057316 414248 1573860 1808024 0 0 0
4168 37 8 271288 100192 3504 657016 7592 0 409144 546688 0 3691104 10077996 9184426 0 0 0
4179 37 9 3908144 838444 559320 3408 673548 5872 576440 0 5576432 0 5598892 7146890 0 0 0
4190 38 0 0 9894432 1786772 494268 4960 3398836 8168 1600656 696672 5693348 6779568 11878904 10465280 0 0
4201 38 1 13161220 0 7635396 1846232 280528 204976 1660248 18280 0 1055288 11927916 10711696 9906184 0 0
4212 38 2 1725880 12767936 0 1896740 1867216 879672 2848 3069464 16 665128 11023800 9926847 5835884 0 0
4223 38 3 732240 1475416 4904640 0 4986980 1365920 613038 2040 590720 1376 8111976 6226517 0 0 0
4234 38 4 5160 659048 1944908 7514420 0 5701656 1072812 5176 0 2223528 10138236 9655032 0 0 0
4245 38 5 4176696 19200 2839684 1586840 8022304 0 4090044 528980 0 4952 11827472 12181020 0 0 0
4256 38 6 3872 1207560 8848 372408 1024612 6964592 0 5157616 410720 190088 9034820 7703308 0 0 0
4267 38 7 713456 358248 3196920 4808 3336 926512 7386032 0 606664 527816 12217292 8392136 0 0 0
4278 38 8 1016568 470392 1472 530240 4064 2576 1237024 6143180 0 5467060 1689856 1445992 0 0 0
4289 38 9 3494984 657792 275432 3240 276720 0 533344 364464 804732 0 5819204 10126856 0 0 0
4300 39 0 0 12613156 1836384 494840 3016 3247528 40 1780232 1874872 412168 6921412 13277956 12626676 0 0
4311 39 1 13045996 0 11426000 1405920 561752 304736 1173992 242328 1056000 768 11600124 13009336 11530788 0 0
4322 39 2 2464552 13447896 0 5842800 1504624 1380428 5944 4712824 4352 2672 14259788 10817977 6008128 0 0
4333 39 3 726924 1027300 4482744 0 6596792 950592 559192 -80 1525376 3440 9108392 7667992 747904 0 0
4344 39 4 2912 714224 1704520 7064456 0 7476556 1001688 0 132672 0 10611040 11516012 0 0 0
4355 39 5 4112384 238864 2852092 1563440 8014656 0 6200672 535952 0 0 12371992 14528184 0 0 0
4366 39 6 6456 1430684 6696 711456 729048 7659092 0 7612096 1384088 356560 9514276 8890096 0 0 0
4377 39 7 1099108 332572 3694572 1728 0 915432 7473142 0 7234156 660072 15478028 11658612 0 0 0
4388 39 8 1814500 251968 0 358416 146024 0 1649140 6692356 0 2053512 11329040 12948580 0 0 0
4399 39 9 4782936 1651128 288728 6792 1271168 0 214644 1252672 6268552 0 1646856 1868912 0 0 0
4410 40 0 0 14366420 2448900 494076 3768 3675916 8784 997055 2281776 5617164 1954784 1473360 2761840 0 0
4421 40 1 4878768 0 13513472 1419192 412164 267544 758752 266084 820928 1491600 14890916 11434004 12513980 0 0
4432 40 2 909024 13777530 0 5085328 1939580 1921376 3808 4801472 4832 637832 13874688 12575034 6905558 0 0
4443 40 3 371552 1855224 4136568 0 6953084 1776736 345904 1000 2047712 6048 7665564 7356544 721776 0 0
4454 40 4 0 1048872 2646784 6458284 0 8162756 401180 0 206600 562552 10536624 12959228 0 0 0
4465 40 5 48 129856 1395568 1113072 7462404 0 6913320 679416 0 0 12887791 14270024 0 0 0
4476 40 6 0 1364340 7184 364104 1322264 7074972 0 7233744 1262816 558472 9822724 6255972 0 0 0
4487 40 7 6688 362528 3478772 5264 48 922152 5470448 0 7227963 1547996 12953380 11610246 0 0 0
4498 40 8 0 544364 3008 706600 146016 0 1826444 5044352 0 5550288 11093688 11584736 0 0 0
4509 40 9 512 795364 278312 5872 1115176 0 222912 1029112 5685936 0 6790152 9244431 0 0 0
4520 41 0 0 1584 872752 322440 24 2769568 3912 898068 1419560 2365696 6897300 8657876 7863276 0 0
4531 41 1 9788468 0 13529800 1711832 579352 55904 1421112 242064 276808 1683676 1183508 879704 1323444 0 0
4542 41 2 1020212 2123448 0 5415620 1638432 1506976 4316 4346020 3712 15872 11740880 11760760 6654140 0 0
4553 41 3 334096 54940 3161728 0 6178916 991372 633304 2496 1768360 2288 7870348 6071768 746672 0 0
4564 41 4 0 672 2444336 3979600 0 8496092 574772 4800 49352 562056 9118808 10316151 0 0 0
4575 41 5 3424352 3496 1252032 1390384 5045284 0 6382156 937656 4432 40 9563648 12564668 0 0 0
4586 41 6 4728 482508 2284 338240 872060 4944492 0 6053488 1029624 571036 8473192 7361112 0 0 0
4597 41 7 2117228 50760 3888408 6776 2080 285716 4979764 0 7246700 1510664 12117636 10661080 0 0 0
4608 41 8 1560468 0 6288 1446216 141672 0 1487840 4239788 0 6135148 9150552 10374960 0 0 0
4619 41 9 3670568 259792 456616 1728 776256 0 226520 1293440 4767100 0 5465804 7470160 0 0 0
4630 42 0 0 12900512 3872 442088 1992 3300280 2456 993240 2075664 3584500 5510468 12463900 9961729 0 0
4641 42 1 10563140 0 655464 800136 154184 3440 976056 256480 99896 1701608 13114108 10012095 10356324 0 0
4652 42 2 1770288 11237412 0 5151180 1406984 1350776 5744 3763064 7640 300816 2056424 460296 775656 0 0
4663 42 3 334888 2262472 330552 0 6179076 1485720 345832 2512 1563864 2864 6872400 5738816 728912 0 0
4674 42 4 3232 616000 0 3932656 0 8613204 635536 0 51880 541800 9474236 11976304 0 0 0
4685 42 5 3405464 231124 739584 724656 7031916 0 6766500 987088 0 2736 12304688 13383534 0 0 0
4696 42 6 7848 1574376 0 706440 1734792 6949400 0 5937892 973300 238120 9851744 5797340 0 0 0
4707 42 7 1224872 12664 987216 5920 56 297444 5070280 0 6961136 1855296 10574832 9821380 0 0 0
4718 42 8 1878548 503960 0 1462992 7488 0 1503880 3365928 0 6719056 9595608 10655328 0 0 0
4729 42 9 4910356 755272 2000 1976 768984 4816 215648 1428152 6061524 0 7039184 8064228 0 0 0
4740 43 0 0 12604960 1933163 0 456 3197112 7108 966412 1830936 5235520 6189320 10890264 9754280 0 0
4751 43 1 10916624 0 12062936 401984 832376 66392 1373740 258344 9496 1443628 12624817 11675988 9791508 0 0
4762 43 2 1509400 11212248 0 0 1434548 1694816 2120 3757148 1568 360576 10748072 11961765 5963002 0 0
4773 43 3 342464 2412024 3929720 0 5532988 1089744 337080 3944 2146632 7280 965640 138656 0 0 0
4784 43 4 4312 690012 2327144 691968 0 7159944 534824 0 48064 709840 10805360 9996116 0 0 0
4795 43 5 3677632 243488 1581768 40 7555132 0 6882592 1012820 0 728 10318156 12004612 0 0 0
4806 43 6 6664 1568476 5656 2032 1434480 4867396 0 4945980 1298936 315648 9624708 8268500 0 0 0
4817 43 7 1578092 392724 2143812 0 2944 658768 6751892 0 5837772 1862528 11076256 6988844 0 0 0
4828 43 8 1504472 2920 480 0 256 0 1508720 3982864 0 6001148 8689800 8299680 0 0 0
4839 43 9 4382260 421012 276364 0 740992 0 396448 305768 4502776 0 6708908 9286212 0 0 0
4850 44 0 0 12698148 2130984 412212 1536 2776872 4216 1074328 2769960 5494784 6326844 10175828 10465748 0 0
4861 44 1 11816576 0 13493764 1699016 0 326896 1779008 252544 823476 1418168 12060240 11969036 9843033 0 0
4872 44 2 1796692 11523708 0 4788496 1960 1382104 3320 3313976 2944 287908 12319356 11808596 6863008 0 0
4883 44 3 343380 2394064 5095120 0 1235536 1341304 368516 2736 1525320 3464 9385664 7162540 742320 0 0
4894 44 4 5112 660488 1495508 7336248 0 8413700 1043932 0 299952 1669352 2827712 668344 0 0 0
4905 44 5 2848488 242856 1551696 716308 1429944 0 6403172 695428 56 2288 11753138 12345908 0 0 0
4916 44 6 9488 1245292 1136 371096 0 5471456 0 6863120 1298656 558904 10719844 8615768 0 0 0
4927 44 7 1538748 351752 3106716 2744 0 693200 7208664 0 6366240 1839024 12635760 10424108 0 0 0
4938 44 8 1877504 263528 4048 1843664 0 5544 2122220 5494944 0 6006356 12425172 9878920 0 0 0
4949 44 9 3952104 1081032 307904 2000 0 0 213088 1526776 5948488 0 7536028 9834304 0 0 0
4960 45 0 0 10808144 1951032 221584 656 673456 3616 1519964 2500472 5546840 6262688 10866904 9410992 0 0
4971 45 1 13330611 0 11211432 1586432 9376 0 1992032 258304 841976 1688832 11529480 10588944 8406164 0 0
4982 45 2 2158192 10969536 0 5883012 1938816 272440 2384 3207784 4184 14928 12221448 9518244 6819620 0 0
4993 45 3 707184 2363400 4768480 0 6978928 5400 328548 2024 1832036 4896 9572920 8548201 740696 0 0
5004 45 4 1856 17816 2144816 7340144 0 563716 1298488 4208 238800 1439376 8458776 10952844 0 0 0
5015 45 5 2511248 224856 1933872 1899116 6322068 0 6879480 708796 0 2736 1497544 1410724 0 0 0
5026 45 6 4072 1246256 4904 317912 1026048 857032 0 6109160 1138576 528896 10349675 9294152 0 0 0
5037 45 7 439240 367848 2363308 768 24 0 7205172 0 5766520 1428528 10496908 10931556 0 0 0
5048 45 8 1549156 472400 9880 1509984 134984 0 1783568 4732204 0 5877560 11267408 10067625 0 0 0
5059 45 9 3804460 1475280 12320 6800 1984968 0 16112 1551336 6047748 0 7270912 9386944 0 0 0
5070 46 0 0 12005548 1134852 349408 4288 3353016 0 2478472 2509696 4908968 5601576 12246192 8725472 0 0
5081 46 1 13022132 0 9613115 831256 290248 263696 487272 256968 875684 1548232 11946852 11512596 10707416 0 0
5092 46 2 2162128 12209952 0 4942408 2083328 1345796 4096 4385760 5448 357264 10905844 9328178 4961332 0 0
5103 46 3 348656 1550152 3706280 0 4984740 281496 324232 2768 1391768 1360 9344112 6893520 85536 0 0
5114 46 4 2424 401748 1910900 7478148 0 5889720 4008 0 35680 1635008 9666444 8789356 0 0 0
5125 46 5 2369696 8736 2135348 1193728 6229304 0 247048 730392 0 296 9995048 10835780 0 0 0
5136 46 6 11984 1582280 9432 672252 666064 6035264 0 5089368 1555872 244496 1395752 1023376 0 0 0
5147 46 7 549148 365648 2791944 560 24 287216 953752 0 4782984 555056 13357396 9944107 0 0 0
5158 46 8 1246104 514840 2728 708492 149112 0 380272 6403920 0 5869436 10469216 8851280 0 0 0
5169 46 9 3892014 972552 279360 6880 1913136 4832 280 1201032 4742360 0 5861528 9419200 0 0 0
5180 47 0 0 10391224 1363572 231880 696 2343128 40 5208 2367784 5132504 6956696 9365136 11255256 0 0
5191 47 1 13603880 0 10887316 1401968 822532 253004 968300 0 1094568 963600 7894196 10835732 10802044 0 0
5202 47 2 1637968 11299936 0 4198888 644656 887308 32 636168 4736 384436 12996353 10466916 5344096 0 0
5213 47 3 710424 1357560 4771636 0 4527076 555180 294392 768 1392680 4832 9332588 6693348 0 0 0
5224 47 4 2256 404336 1705060 7433424 0 5583960 1315512 0 328080 2106056 8910952 8137036 0 0 0
5235 47 5 3406744 11260 2802080 1561592 7961024 0 4394428 259392 1280 3304 8143524 10975076 0 0 0
5246 47 6 2304 816072 2320 402168 1015880 4489600 0 970200 579916 37448 6570756 8583344 0 0 0
5257 47 7 747192 351704 2564812 5256 32 916912 7098472 0 4919004 413068 1533672 1817672 0 0 0
5268 47 8 279160 96048 4920 666700 6160 4 386504 534048 0 3657887 9945504 8984322 0 0 0
5279 47 9 3917028 809320 549992 7928 672492 2776 587416 0 5436444 0 5635328 7133652 0 0 0
5290 48 0 0 9894956 1780008 482856 5232 3352756 4840 1645168 704880 5646260 6763284 11880811 10471368 0 0
5301 48 1 13143724 0 7628236 1790448 269960 190504 1649584 18960 0 1074496 11948652 10721740 9869404 0 0
5312 48 2 1726584 12734824 0 1857452 1822552 906852 3024 3115364 0 673184 11129096 9859939 5777088 0 0
5323 48 3 730632 1451332 4928736 0 5027060 1375432 619752 3520 552696 2648 8154036 6188548 0 0 0
5334 48 4 7424 677832 1965584 7600968 0 5612312 1064200 5208 0 2232704 10124581 9750512 0 0 0
5345 48 5 4248120 13072 2836120 1604848 8081516 0 4071924 540028 0 4560 11706284 12163666 0 0 0
5356 48 6 4256 1206676 8104 373176 1026508 6957324 0 5155288 424992 204704 9029356 7742768 0 0 0
5367 48 7 707136 357716 3202120 4832 4032 918968 7484332 0 627224 527948 12261616 8430100 0 0 0
5378 48 8 999036 470640 2848 533728 2584 3832 1230876 6077668 0 5474588 1723264 1396528 0 0 0
5389 48 9 3482352 670192 262936 5264 270744 0 503544 381960 779032 0 5825284 10107512 0 0 0
5400 49 0 0 12491516 1852696 480716 3744 3212200 56 1789048 1888392 406496 6884612 13191868 12642472 0 0
5411 49 1 13069928 0 11457628 1421368 590944 299440 1205176 242496 1059604 768 11406048 12921672 11589480 0 0
5422 49 2 2432340 13443272 0 5885552 1522580 1375844 7832 4682896 6184 2320 14280552 10840173 6002076 0 0
5433 49 3 701312 1007868 4522960 0 6602736 957120 544184 56 1520208 2056 9224732 7783572 736936 0 0
5444 49 4 2552 679428 1718144 7130280 0 7333620 1001008 0 140896 0 10625608 11524156 0 0 0
5455 49 5 4066856 238144 2816084 1593324 7979148 0 6258532 535872 0 0 12187200 14601912 0 0 0
5466 49 6 4984 1459896 8344 733816 695264 7746588 0 7692200 1402240 360632 9629940 8880392 0 0 0
5477 49 7 1114696 349272 3649280 5904 104 907224 7509368 0 7333738 657656 15477368 11746876 0 0 0
5488 49 8 1775984 261280 0 380672 158792 0 1666192 6607268 0 2016980 11386324 12923804 0 0 0
5499 49 9 4820092 1639172 280688 5376 1277684 0 203744 1268560 6212352 0 1650524 1821368 0 0 0
5510 50 0 0 14210616 2465008 491576 3600 3608104 5980 1026344 2232340 5603912 6708812 7158176 7414904 0 0
5521 50 1 9864500 0 13643252 1696296 575616 61408 1421448 250568 286672 1693840 13753600 9049648 10595888 0 0
5532 50 2 1777948 11174008 0 5105380 1471164 1346232 6320 3734416 7488 296336 10518728 9322644 7320288 0 0
5543 50 3 347904 2391644 3947876 0 5520192 1095236 335936 3472 2079744 5336 9542920 7704496 715096 0 0
5554 50 4 6656 652744 1504048 7378500 0 8392928 1090484 0 319296 1622384 8024236 8768944 0 0 0
5565 50 5 2498512 227928 1935024 1893916 6315076 0 6884452 698440 0 1968 10120448 12034480 0 0 0
5576 50 6 11920 1562656 8584 696072 694280 6033440 0 5129432 1550140 250352 9423400 8941080 0 0 0
5587 50 7 759848 369112 2550632 2936 32 950088 7079943 0 4964292 426356 11870786 7535784 0 0 0
5598 50 8 1007637 475344 1392 531520 3096 4480 1204816 6172096 0 5505736 8580812 9225480 0 0 0
5609 50 9 4840552 1651476 301360 4968 1283624 0 201192 1213810 6191144 0 5947896 9549120 0 0 0