# Format <LP ID> <Group ID> <Router ID> <Busy time per router port(s)># Router ports in the order: 10 local channels, 5 global channels 

10 0 0 0.000000 9362368.586120 2505961.693111 1280294.609789 0.000000 0.000000 0.000000 1003923.970618 0.000000 6653.866893 0.000000 0.000000 0.000000 0.000000 0.000000
21 0 1 10448159.456700 0.000000 9026911.063454 4843355.734526 1270090.454854 307229.290849 1553302.686152 3526396.727053 23900.149616 132804.014556 5987531.521889 0.000000 0.000000 0.000000 0.000000
32 0 2 2657092.756111 7781770.249235 0.000000 4092052.717741 102299.072911 2125948.265159 4971.135562 0.000000 0.000000 3354018.281443 460335.025678 0.000000 0.000000 0.000000 0.000000
43 0 3 2616152.492042 5696946.096550 4162475.410163 0.000000 4382814.570527 2710464.307627 1666992.182906 0.000000 24162.298772 2519372.501484 89348.460255 0.000000 0.000000 0.000000 0.000000
54 0 4 0.000000 3349963.033954 65692.671890 4367850.084112 0.000000 9577362.044629 3030082.047472 22502.035790 1066.412547 44202.345781 0.000000 0.000000 0.000000 0.000000 0.000000
65 0 5 0.000000 4836798.461255 2777255.793526 3898066.319485 8774830.940830 0.000000 11769740.367278 0.000000 315228.229145 55946.146963 31284.828307 0.000000 0.000000 0.000000 0.000000
76 0 6 0.000000 5222016.995107 0.000000 3043836.855815 2322209.107786 12158967.602790 0.000000 4770497.196990 2359.789089 183859.156373 0.000000 0.000000 0.000000 0.000000 0.000000
87 0 7 394986.340091 5450323.987213 0.000000 0.000000 0.000000 0.000000 7447866.024608 0.000000 3346510.562220 6383851.286426 0.000000 0.000000 0.000000 0.000000 0.000000
98 0 8 0.000000 2424942.997065 1713.854736 0.000000 0.000000 36614.603455 5419.081868 4612282.175542 0.000000 2711381.048226 0.000000 0.000000 0.000000 0.000000 0.000000
109 0 9 0.000000 4846208.617578 1878240.565863 2125222.713018 0.000000 76563.315797 10557.628996 7073271.112154 2704122.799027 0.000000 0.000000 0.000000 0.000000 0.000000 0.000000
120 1 0 0.000000 6754342.206829 4030537.272420 2327108.065322 6646.020745 317354.799779 224445.864945 30699.991290 604266.288220 329881.697628 6109318.050988 0.000000 0.000000 0.000000 0.000000
131 1 1 4710280.546415 0.000000 6690013.260883 5611463.249563 0.000000 0.000000 1403390.018051 2307871.567076 0.000000 0.000000 0.000000 1461161.890443 0.000000 0.000000 0.000000
142 1 2 1665259.770157 9075362.328754 0.000000 10597089.615590 289598.362486 958.519117 177066.256132 372692.654337 34914.248656 495300.353206 8389838.753586 0.000000 0.000000 0.000000 0.000000
153 1 3 3753537.316532 5981045.477494 11053484.951768 0.000000 6586442.894831 4994.773121 324646.546208 31494.452739 3676.816950 93184.105243 165795.736114 0.000000 0.000000 0.000000 0.000000
164 1 4 2620057.650310 0.000000 4601302.410469 8368293.982741 0.000000 7085945.028674 2310603.968922 42859.016302 915606.890534 776949.288680 80400.971731 0.000000 0.000000 0.000000 0.000000
175 1 5 2101653.344750 0.000000 4066489.660217 13966.353932 7922455.447554 0.000000 7218401.648845 5045069.655069 1793222.551196 515134.385185 28916.254907 0.000000 0.000000 0.000000 0.000000
186 1 6 18670.617456 1223322.318456 3387934.730194 14195.611959 3081947.459456 9964008.425596 0.000000 6314395.815422 47688.208568 1677442.906807 1101308.267080 0.000000 0.000000 0.000000 0.000000
197 1 7 8908.570656 535751.408481 3097528.322279 0.000000 0.000000 4761149.210072 5924447.601641 0.000000 8755.712483 61047.805969 0.000000 0.000000 0.000000 0.000000 0.000000
208 1 8 2124671.210279 0.000000 4920035.636543 20629.236551 1797467.808710 1903465.440582 1248.985126 7036.621330 0.000000 10777484.268120 0.000000 0.000000 0.000000 0.000000 0.000000
219 1 9 877160.134334 0.000000 6473427.179918 5907.653429 161555.166978 459636.228147 2576947.180854 12472.674758 10635956.621727 0.000000 0.000000 0.000000 0.000000 0.000000 0.000000
230 2 0 0.000000 6746124.320761 349417.651007 69832.431660 116264.990106 35542.715107 8096.059408 3322793.052638 55320.806577 459618.711062 828085.298425 0.000000 0.000000 0.000000 0.000000
241 2 1 7893608.251616 0.000000 5546737.029276 3314187.401272 99035.938677 179021.640490 312969.022246 2230956.031727 19505.564784 5714.477671 5015540.352534 0.000000 0.000000 0.000000 0.000000
252 2 2 1166418.207069 6601418.656565 0.000000 10925976.880932 3319676.623900 2622400.303324 822564.413443 1058818.575656 1348016.079302 0.000000 0.000000 3853343.010685 0.000000 0.000000 0.000000
263 2 3 172303.207711 4315013.384023 10817000.096884 0.000000 12694163.950511 147070.769037 1268052.676266 1932918.779361 9006.614515 4154851.202604 139127.460959 0.000000 0.000000 0.000000 0.000000
274 2 4 267967.620498 813593.360732 4027606.109741 11505749.008739 0.000000 4724583.087379 25433.544301 2274641.761372 317749.750034 127620.805940 93786.809634 0.000000 0.000000 0.000000 0.000000
285 2 5 25611.260861 6302312.592865 3581251.847773 75892.241024 7993269.030999 0.000000 4620333.330165 6681226.554542 503602.326275 243972.744920 231586.480674 0.000000 0.000000 0.000000 0.000000
296 2 6 24408.478876 2393248.740023 1390833.875403 1283390.891104 12003.494862 5869459.328550 0.000000 3418935.980075 4588596.802796 22993.900840 0.000000 0.000000 0.000000 0.000000 0.000000
307 2 7 1816577.891264 2441909.842781 3070139.070479 1565191.726146 2549541.900375 7245906.076098 3939510.431374 0.000000 7629746.488292 141685.434664 1162687.255976 0.000000 0.000000 0.000000 0.000000
318 2 8 310488.412225 0.000000 2014718.271305 1587.974770 530003.137804 983120.147159 5167489.045593 8780112.112836 0.000000 6056176.365894 0.000000 0.000000 0.000000 0.000000 0.000000
329 2 9 64264.682452 65858.622389 1137.743858 71394.214085 46658.807703 21013.329809 21996.787365 9710.839087 3759234.243962 0.000000 0.000000 0.000000 0.000000 0.000000 0.000000
340 3 0 0.000000 10105242.825453 1137231.645831 2008111.477501 1708665.292363 4319.441459 2700719.364368 0.000000 0.000000 2662.119391 9649.711434 0.000000 0.000000 0.000000 0.000000
351 3 1 8991888.413043 0.000000 6509207.671251 0.000000 3926902.544464 785570.592564 110403.437826 1172287.844054 2722854.254429 0.000000 434854.325649 0.000000 0.000000 0.000000 0.000000
362 3 2 349454.079927 8747856.194308 0.000000 9891822.681620 4217254.181109 1143917.076109 26056.856401 0.000000 2257926.039933 0.000000 2314781.699542 0.000000 0.000000 0.000000 0.000000
373 3 3 2391547.867106 0.000000 6943934.418926 0.000000 7181563.329524 6808580.376905 2758.133091 0.000000 0.000000 2647221.877978 0.000000 0.000000 0.000000 0.000000 0.000000
384 3 4 50873.738118 3204646.395471 3224545.276821 11317493.983006 0.000000 8979793.304196 2732.912972 56850.037344 128614.008266 545251.218906 5246465.600421 0.000000 0.000000 0.000000 0.000000
395 3 5 36303.203820 1069195.566848 1015501.026757 6253729.708694 7560025.126244 0.000000 0.000000 0.000000 1761987.711420 236725.693177 3521198.285634 0.000000 0.000000 0.000000 0.000000
406 3 6 2112758.099924 223817.224445 495322.345174 6772.094403 1641.844961 12384.066480 0.000000 11231629.636147 3053604.107269 2050235.569958 0.000000 0.000000 0.000000 0.000000 0.000000
417 3 7 39066.306533 1172577.463187 2445.558782 0.000000 1247801.080691 2862.267480 10574430.263609 0.000000 9357862.616093 5192956.027762 0.000000 0.000000 0.000000 0.000000 0.000000
428 3 8 105.417260 3467541.247952 1336504.829250 0.000000 2210665.601736 3005502.131131 4588396.492026 8948514.390363 0.000000 4876547.859564 799511.678535 0.000000 0.000000 0.000000 0.000000
439 3 9 45226.761375 37272.304268 0.000000 2437827.861273 4579189.299845 2229336.055090 3081488.409376 4456492.995841 5836805.498845 0.000000 0.000000 0.000000 0.000000 0.000000 0.000000
450 4 0 0.000000 10500935.001972 3178691.746664 1404699.910556 2321.386677 12080.454415 17632.176447 5254.000523 17986.644497 130992.674776 0.000000 0.000000 0.000000 0.000000 0.000000
461 4 1 9091348.232054 0.000000 11084472.088510 3271647.327570 335904.999398 959323.333460 11989.898044 13240.254752 10823.487345 111198.510469 279305.288952 0.000000 0.000000 0.000000 0.000000
472 4 2 3517659.460647 13035474.430392 0.000000 4207190.306476 972.514728 3264663.355854 119890.466083 12520.666912 26228.554195 228500.461329 250914.886074 0.000000 0.000000 0.000000 0.000000
483 4 3 700194.206994 1826198.028393 6738848.101558 0.000000 4745367.976631 6014211.323575 1023304.738710 1051697.496919 36981.864134 592885.927069 5280269.001913 0.000000 0.000000 0.000000 0.000000
494 4 4 0.000000 220157.937785 4959.655902 5168492.736524 0.000000 4416772.958503 4762148.697416 2218333.612277 449525.093597 714629.970720 0.000000 1940902.429973 0.000000 0.000000 0.000000
505 4 5 12568.262838 32621.510020 439115.804908 6213009.647360 3900096.511556 0.000000 6588257.819687 25746.782981 2584896.133640 948159.364061 5886344.693334 0.000000 0.000000 0.000000 0.000000
516 4 6 0.000000 21945.614711 75009.906697 3251977.412793 5437025.103418 7722203.435836 0.000000 6443364.732241 5093.642023 2164677.426216 4422.356660 0.000000 0.000000 0.000000 0.000000
527 4 7 0.000000 4980.583520 65300.281630 3943244.237809 2924171.269760 3381238.487920 4359660.088123 0.000000 7693793.128204 5947808.676279 0.000000 0.000000 0.000000 0.000000 0.000000
538 4 8 1406.780480 27686.360220 29031.113144 1323293.711750 364665.281089 2678386.526281 167052.965886 8410982.871531 0.000000 9417203.926766 0.000000 0.000000 0.000000 0.000000 0.000000
549 4 9 381990.896801 224984.688253 277545.820260 69701.095911 926645.698940 4285620.501559 2847813.105461 6244750.338301 9087194.744488 0.000000 789289.795271 0.000000 0.000000 0.000000 0.000000
560 5 0 0.000000 9001614.224208 3220750.573665 1280860.767795 2756446.220313 8401.618065 1382563.188254 191246.039222 147864.292173 255081.617790 83531.926640 2138581.384231 0.000000 0.000000 0.000000
571 5 1 8222774.945295 0.000000 7076938.654370 5861987.129034 2916160.198939 372175.329989 14760.513192 3478.363573 7795.511057 339929.975961 11694.451309 0.000000 0.000000 0.000000 0.000000
582 5 2 3362517.139512 11375862.915481 0.000000 5971285.419596 1173961.457736 2386268.820289 1022354.166518 3998.972846 1359.687947 14048.142363 368749.943036 0.000000 0.000000 0.000000 0.000000
593 5 3 1748511.575894 6932364.099949 6937651.451108 0.000000 0.000000 895003.635413 1685474.722291 3658.010558 0.000000 18540.755671 759785.280501 0.000000 0.000000 0.000000 0.000000
604 5 4 2946249.646110 3083993.025714 26815.936441 12085.392172 0.000000 12266543.840102 2661874.924528 8486.232784 10333.914810 53994.974032 2283202.757928 34581.194959 0.000000 0.000000 0.000000
615 5 5 643883.930461 320075.052842 3511129.782624 524842.202416 12126068.943097 0.000000 8934734.484355 4053375.050211 0.000000 0.000000 0.000000 1818959.891287 0.000000 0.000000 0.000000
626 5 6 3351212.911517 3404.785985 1414879.467090 3265237.560890 2781959.638271 8588588.004251 0.000000 4041684.998614 1033246.708324 2987107.057083 2156373.679840 0.000000 0.000000 0.000000 0.000000
637 5 7 231358.214585 2134.605843 54943.010878 2536.069284 8293.329043 4627940.240787 4819614.152428 0.000000 4984577.763804 3448533.811632 11035.175349 0.000000 0.000000 0.000000 0.000000
648 5 8 18948.079453 2093.215856 6452.051736 2908.770819 9187.504505 7774.169032 402999.535369 5246839.956043 0.000000 10319645.012302 0.000000 0.000000 0.000000 0.000000 0.000000
659 5 9 17615.800538 13869.035759 25766.976879 240.254665 9047.877661 13636.527320 1271436.752762 2961168.886331 9082608.633194 0.000000 0.000000 0.000000 0.000000 0.000000 0.000000
670 6 0 0.000000 4769656.781831 0.000000 2080940.793572 441360.531805 2670277.347821 2482500.204759 3245124.809553 0.000000 16356.370381 0.000000 0.000000 0.000000 0.000000 0.000000
681 6 1 7510174.448934 0.000000 3878360.393436 5681510.590624 557960.642572 561500.264855 0.000000 3285855.061170 527372.148957 11075.630626 334925.293738 0.000000 0.000000 0.000000 0.000000
692 6 2 64500.333800 5025114.149542 0.000000 3022897.704066 5329761.354986 1251376.218104 0.000000 0.000000 3423770.378196 1615805.599337 0.000000 0.000000 0.000000 0.000000 0.000000
703 6 3 2888032.391092 7021680.489940 2974887.430797 0.000000 7438942.791686 1271344.820764 0.000000 4738684.258542 588890.306436 39387.782785 0.000000 0.000000 0.000000 0.000000 0.000000
714 6 4 466948.506994 772789.122792 4294376.675695 8397854.331519 0.000000 5690932.181132 0.000000 6926597.980422 573789.842647 30568.741632 0.000000 0.000000 0.000000 0.000000 0.000000
725 6 5 2178215.788260 61580.547027 30192.756854 73754.035008 3650855.179173 0.000000 7133742.847224 6498887.499335 1937757.665755 19307.714634 4387299.316964 0.000000 0.000000 0.000000 0.000000
736 6 6 1744885.218583 0.000000 0.000000 0.000000 120.041323 7351725.726664 0.000000 10274771.963867 0.000000 1103343.986070 0.000000 0.000000 0.000000 0.000000 0.000000
747 6 7 2121639.880362 1273524.122877 0.000000 58542.481924 167583.700579 5398321.711576 9596464.885563 0.000000 7967021.728775 947667.554627 5662347.118834 0.000000 0.000000 0.000000 0.000000
758 6 8 0.000000 116642.099454 2293447.497441 153924.781584 211324.636561 2393484.313698 126908.733280 8250162.565670 0.000000 7802019.164654 2163574.473870 0.000000 0.000000 0.000000 0.000000
769 6 9 68844.124852 0.000000 1484011.173862 97851.216666 50733.426360 0.000000 897408.468684 2401616.902349 7563493.062981 0.000000 17949.086013 0.000000 0.000000 0.000000 0.000000
780 7 0 0.000000 5740987.395389 11433.501893 0.000000 5519.615811 3654.345018 1860887.032653 340885.260303 1162925.478700 227179.460003 0.000000 704972.787676 0.000000 0.000000 0.000000
791 7 1 6836766.777800 0.000000 1747.205158 0.000000 7961.333107 1291.120127 332340.324333 5712.364384 297600.750389 56370.561448 0.000000 0.000000 0.000000 0.000000 0.000000
802 7 2 21594.754344 30443.797056 0.000000 9978234.303708 3287700.493225 2379090.384266 1818287.951598 119615.838755 39220.841017 1652179.797822 1539872.255198 0.000000 0.000000 0.000000 0.000000
813 7 3 13408.546846 3511.606008 11877618.818226 0.000000 8665140.692632 5062367.830716 3214829.601760 5434.916617 18334.173077 4300237.100819 0.000000 0.000000 0.000000 0.000000 0.000000
824 7 4 23411.535206 13813.860505 4453335.902260 7825012.301652 0.000000 4255181.359655 5407.315527 3735086.066257 471635.496802 49270.067029 0.000000 0.000000 0.000000 0.000000 0.000000
835 7 5 42396.380130 0.000000 4150003.039599 5168737.751270 4389646.419869 0.000000 5553627.494712 4978775.158418 3268718.931446 55912.557202 8886.582929 0.000000 0.000000 0.000000 0.000000
846 7 6 1428126.590548 205475.428820 828077.131777 2567335.250326 8101.644503 5975201.325232 0.000000 10067371.214714 3960392.448879 203397.223434 4084365.400791 0.000000 0.000000 0.000000 0.000000
857 7 7 283663.188053 0.000000 441749.586210 0.000000 4945028.289868 4383666.006856 11423502.261081 0.000000 11692653.347615 83826.443742 0.000000 1901025.653958 0.000000 0.000000 0.000000
868 7 8 779544.327847 253654.037622 333317.089161 0.000000 32996.968887 2757157.195970 3038092.989111 12627616.710105 0.000000 5753968.195282 2229882.456034 0.000000 0.000000 0.000000 0.000000
879 7 9 740743.240567 17860.514633 864771.222811 2805588.409833 38791.601391 6437.782102 1053044.354381 695062.623680 7147241.179175 0.000000 99191.225145 0.000000 0.000000 0.000000 0.000000
890 8 0 0.000000 2617212.960327 3937752.801528 1451377.972264 7378.746456 39035.429969 1099495.308971 3410740.182081 1787601.416419 1630135.192503 0.000000 3061217.738639 0.000000 0.000000 0.000000
901 8 1 2315543.418251 0.000000 5997178.016068 2463.537846 1858536.598022 200825.176782 28893.185782 7633518.586488 2361502.511366 5363.667521 0.000000 229763.800416 0.000000 0.000000 0.000000
912 8 2 3700442.565366 7702308.312015 0.000000 6633829.170284 12242.634502 1303092.733254 0.000000 7826792.234672 2527786.222188 2531.153252 1277.108805 0.000000 0.000000 0.000000 0.000000
923 8 3 2668011.739186 11159.297969 5303862.045905 0.000000 7016226.645051 6666523.448156 56546.671184 12355450.351944 1078353.819163 4696.175876 966949.825309 0.000000 0.000000 0.000000 0.000000
934 8 4 668794.652683 4529017.989618 48157.816472 7808219.622730 0.000000 8552474.485448 16132.668526 4971009.921958 1141009.294167 35572.279975 0.000000 0.000000 0.000000 0.000000 0.000000
945 8 5 551241.105863 287502.955356 1644123.412228 5889628.181659 9389936.905113 0.000000 5144389.096583 3517097.478641 2030732.120926 30660.410741 0.000000 0.000000 0.000000 0.000000 0.000000
956 8 6 399477.733789 167521.510343 5533.731327 218367.221526 1602.322888 7425771.266096 0.000000 8448244.029341 4339860.833779 618388.270968 1617146.076149 0.000000 0.000000 0.000000 0.000000
967 8 7 1680.963407 1416234.322481 609302.654589 1016465.695946 326251.983508 26019.049866 8064647.068904 0.000000 8250622.596285 6515413.150295 5759617.546239 0.000000 0.000000 0.000000 0.000000
978 8 8 1297868.010858 962899.384045 485131.822979 558050.805805 216935.652542 525924.256676 4429792.098149 10315094.422989 0.000000 7238014.652533 0.000000 3698042.337639 0.000000 0.000000 0.000000
989 8 9 671520.658180 92258.575114 52371.781710 46549.778982 34505.032366 8192.170248 224076.615916 6559018.268502 8351610.679527 0.000000 269397.906947 0.000000 0.000000 0.000000 0.000000
1000 9 0 0.000000 12527598.378472 4139133.851865 502513.240242 337996.421910 15320.262177 71295.597717 1009862.387623 871738.478636 350450.922021 0.000000 6972038.961173 0.000000 0.000000 0.000000
1011 9 1 10364207.561407 0.000000 8697954.146461 3875248.735520 241057.782836 28638.171765 39232.371312 2824641.336387 1701369.859204 2287161.025434 0.000000 1363295.344458 0.000000 0.000000 0.000000
1022 9 2 7235876.519135 10699300.163388 0.000000 4321876.090753 350549.876443 112618.105991 75235.208146 0.000000 1452294.369932 3630806.172647 9067.815267 0.000000 0.000000 0.000000 0.000000
1033 9 3 5685678.713116 4403753.888977 4735922.396113 0.000000 4576487.452520 3869912.447263 579503.655758 0.000000 1842984.435658 1924066.247172 0.000000 0.000000 0.000000 0.000000 0.000000
1044 9 4 442664.414404 174107.705935 519584.120804 4355561.115508 0.000000 9677526.106675 2966517.375823 2748948.949792 1219995.551540 329.615543 535979.978872 0.000000 0.000000 0.000000 0.000000
1055 9 5 2620178.025180 0.000000 81.545538 2987765.117468 8692184.204923 0.000000 12399032.079119 399094.600212 1403065.438485 1051490.644443 0.000000 0.000000 0.000000 0.000000 0.000000
1066 9 6 6067462.946549 0.000000 0.000000 132657.996976 2708217.933368 13389964.665209 0.000000 3491524.465342 698519.953171 1960189.235308 177215.293212 0.000000 0.000000 0.000000 0.000000
1077 9 7 4411408.304745 2566607.626505 517.490651 0.000000 2457953.300647 419055.174702 8364746.813465 0.000000 4231458.504974 7112275.956564 136608.499797 0.000000 0.000000 0.000000 0.000000
1088 9 8 1760699.375736 86367.975649 105590.966621 74281.269945 556434.579216 766185.096173 65133.454397 4700085.117642 0.000000 3470849.200434 3883473.618136 0.000000 0.000000 0.000000 0.000000
1099 9 9 4205531.014278 1621541.836014 1715634.649865 2272154.028503 0.000000 1384054.634673 1754028.480374 6431222.669153 2950625.654075 0.000000 0.000000 0.000000 0.000000 0.000000 0.000000
1110 10 0 0.000000 7354775.940829 125796.634674 892686.896313 261932.976004 458363.385682 1043213.122935 1072959.256774 818521.268673 1632954.504116 0.000000 0.000000 5344505.439931 0.000000 0.000000
1121 10 1 6109709.970578 0.000000 7362326.522370 5780495.756114 2787660.631375 1578743.258587 16335.368190 1240650.400259 4670082.349590 586511.951640 0.000000 3659006.948271 0.000000 0.000000 0.000000
1132 10 2 1120036.865362 8513890.318776 0.000000 9527627.000973 7670.464177 1659649.145876 0.000000 676317.357856 2392887.253652 121479.389062 0.000000 3599.147308 0.000000 0.000000 0.000000
1143 10 3 2673983.499524 6572117.729176 9477719.285896 0.000000 5507793.637388 1377292.337119 2394949.921612 1269508.211588 57614.435619 1222486.986842 0.000000 0.000000 0.000000 0.000000 0.000000
1154 10 4 2290576.768284 3324511.511426 71637.283181 7757089.235303 0.000000 8025056.897725 3605154.493111 1185094.521039 1366.262631 2831778.710402 0.000000 0.000000 0.000000 0.000000 0.000000
1165 10 5 19823.159897 1979711.721458 2983694.369623 215945.108752 8594072.396943 0.000000 7666647.098446 5026171.735872 141312.969079 3348066.772116 1961983.299191 0.000000 0.000000 0.000000 0.000000
1176 10 6 1780234.758750 433905.640103 24550.365101 2790033.415139 3543977.606351 11180204.621512 0.000000 6852109.277034 0.000000 81826.588809 0.000000 0.000000 0.000000 0.000000 0.000000
1187 10 7 1697339.561748 1115940.504666 381561.917921 1615430.175788 1106420.665036 5166387.205153 6782827.468477 0.000000 0.000000 59797.014456 1420109.197958 0.000000 0.000000 0.000000 0.000000
1198 10 8 551138.664200 3442943.612322 2839553.053547 24890.536478 22176.310007 3029.805383 12382.964386 8013.541710 0.000000 10364245.675204 2360487.398624 0.000000 0.000000 0.000000 0.000000
1209 10 9 1075277.322024 1115802.703809 82235.142439 904042.026423 293761.278998 693297.498726 0.000000 2533.450368 11080042.936063 0.000000 3498068.688144 0.000000 0.000000 0.000000 0.000000
1220 11 0 0.000000 4294329.740878 503727.992860 2621251.637626 43180.884818 0.000000 12080.348251 10280.459825 196379.582139 16723.929514 0.000000 2039610.964096 332739.032072 0.000000 0.000000
1231 11 1 4825216.208263 0.000000 5643646.495684 3700504.649188 2656561.003985 1583186.974395 1494972.703334 0.000000 0.000000 1279676.571510 1917775.553118 0.000000 1835163.179693 0.000000 0.000000
1242 11 2 1526708.494028 5421361.705583 0.000000 10805379.854404 3168096.608420 0.000000 181839.367251 446716.598484 771842.101015 1602123.809156 1178631.141233 3867320.828525 0.000000 0.000000 0.000000
1253 11 3 3461309.672104 4104058.382341 10126628.944223 0.000000 10850315.903396 512.365402 15111.204423 6474.386393 8646.908626 67197.966979 0.000000 5587565.064159 0.000000 0.000000 0.000000
1264 11 4 379692.090734 2624117.830663 3307047.153007 13474291.345094 0.000000 3723837.116903 20023.334607 6946.710602 23205.903882 446520.186181 0.000000 51434.387754 0.000000 0.000000 0.000000
1275 11 5 108916.123517 688531.392436 6083.965514 464.099403 6975425.085995 0.000000 3979483.980203 6143439.303177 776898.176473 881506.005262 0.000000 0.000000 0.000000 0.000000 0.000000
1286 11 6 74470.811134 1304132.036854 881611.575293 0.000000 1262.425039 4060105.699742 0.000000 3045107.595081 4729123.504249 1264320.275494 0.000000 0.000000 0.000000 0.000000 0.000000
1297 11 7 57485.344183 9647.454121 732532.255141 1256188.641247 5476.296639 4986622.831282 3387285.848826 0.000000 6475600.270213 78327.742760 0.000000 0.000000 0.000000 0.000000 0.000000
1308 11 8 744491.338174 409.050876 2025401.423693 3910540.381698 2750.524921 1431771.378164 3789377.936281 7052456.041529 0.000000 5414940.526018 21030.386924 0.000000 0.000000 0.000000 0.000000
1319 11 9 18187.117148 1119291.704855 2893849.974555 33661.134278 146150.362767 1006689.641426 3377144.322160 0.000000 4443658.857743 0.000000 1117757.601417 0.000000 0.000000 0.000000 0.000000
1330 12 0 0.000000 10113251.329436 200889.819818 227622.269031 190044.235523 337.920086 2275864.733894 1768.994727 49521.580127 13451.578523 0.000000 0.000000 0.000000 0.000000 0.000000
1341 12 1 8956251.592792 0.000000 5929066.010539 1184420.601762 814864.513332 1908.839801 33908.193596 1221394.870468 2120836.185262 181474.797345 0.000000 2071392.118958 0.000000 0.000000 0.000000
1352 12 2 263433.203145 6446838.335044 0.000000 7718110.184386 2461850.419941 0.000000 3133458.840952 486000.492964 971765.126628 0.000000 1830952.024329 0.000000 0.000000 0.000000 0.000000
1363 12 3 88172.015215 1121747.992947 8072904.629867 0.000000 7652823.934047 5017984.248943 2138656.780264 727571.549180 113448.198385 697215.827798 0.000000 1824899.470419 0.000000 0.000000 0.000000
1374 12 4 443121.393473 1530444.004715 2440205.684081 10128936.422758 0.000000 5520734.499422 22852.168640 2149082.883281 1773991.254318 129893.893099 0.000000 2769958.712164 0.000000 0.000000 0.000000
1385 12 5 34793.032855 61020.021197 0.000000 4458237.290510 6158283.812339 0.000000 122161.559926 641533.326619 1976977.015133 503606.247638 0.000000 891934.351107 0.000000 0.000000 0.000000
1396 12 6 2743806.412752 431583.081081 2320289.883508 2047431.391044 3146.405341 290479.752783 0.000000 10188806.949476 2693818.632457 98835.569229 0.000000 0.000000 0.000000 0.000000 0.000000
1407 12 7 39140.795885 945221.858263 834401.564496 285888.257057 2664500.048646 850297.932922 11082951.521759 0.000000 7855580.966465 4678410.135065 0.000000 921663.917191 0.000000 0.000000 0.000000
1418 12 8 0.000000 1444495.478264 1427453.786673 33720.422407 2700968.093309 2996174.933295 2837146.032388 8166774.026745 0.000000 4206785.428532 0.000000 0.000000 0.000000 0.000000 0.000000
1429 12 9 28478.172730 694240.882827 1249.566058 744228.018256 650551.751297 153755.927272 5911.493500 4432301.041644 4991485.977706 0.000000 0.000000 0.000000 0.000000 0.000000 0.000000
1440 13 0 0.000000 10996666.193590 1902772.468515 1510505.855774 610792.670088 2138.692869 845157.871223 1279444.311556 2156.644282 16435.737042 0.000000 0.000000 0.000000 0.000000 0.000000
1451 13 1 12419079.645207 0.000000 10099321.226004 0.000000 886304.450450 574683.801406 0.000000 706860.468944 0.000000 4816.382593 0.000000 710.119037 0.000000 0.000000 0.000000
1462 13 2 2578506.091595 10056023.422297 0.000000 4159604.278349 741420.556960 1845256.613633 105372.529678 168974.448448 3148452.836670 308471.760824 0.000000 2815067.507343 0.000000 0.000000 0.000000
1473 13 3 2404133.387688 118783.093381 7820732.618433 0.000000 4482814.202116 4982846.941043 154002.200719 0.000000 0.000000 1840022.722507 0.000000 0.000000 0.000000 0.000000 0.000000
1484 13 4 2426040.044619 1084427.229741 1518246.901685 5569106.566492 0.000000 3122956.481965 2945059.772686 144522.343878 111998.355860 816796.720238 0.000000 1619816.864741 0.000000 0.000000 0.000000
1495 13 5 7732.641512 1335538.234218 2610786.141494 4761300.711474 2384555.240288 0.000000 6246688.550835 10885.185049 2713.025280 67830.965788 0.000000 0.000000 0.000000 0.000000 0.000000
1506 13 6 599152.922701 0.000000 457930.481801 272935.273231 4704699.750125 8198602.668078 0.000000 6393179.885959 2867.161833 52621.542298 0.000000 86121.725943 0.000000 0.000000 0.000000
1517 13 7 2320360.949009 1094084.073220 1932450.597095 0.000000 552813.191466 1513.737819 3723958.905319 0.000000 7148162.518875 4633545.690226 0.000000 0.000000 0.000000 0.000000 0.000000
1528 13 8 0.000000 0.000000 1173997.135712 0.000000 292250.546041 2145.437901 0.000000 7730680.139056 0.000000 8762148.788918 0.000000 40374.634460 0.000000 0.000000 0.000000
1539 13 9 13046.054072 0.000000 408869.013557 953756.256222 945107.514240 1914.599915 0.000000 5762849.854253 8040988.018696 0.000000 0.000000 0.000000 0.000000 0.000000 0.000000
1550 14 0 0.000000 7166974.216856 2483655.609025 1164163.579757 10593.100868 8568.115398 76263.022577 5770.282541 30444.102538 27917.800232 0.000000 0.000000 0.000000 0.000000 0.000000
1561 14 1 7136996.688195 0.000000 6542437.116716 4920681.331378 331121.053096 1244.600890 243501.733950 1430.373542 146.078923 196362.235978 0.000000 29432.419874 0.000000 0.000000 0.000000
1572 14 2 3126949.577108 10124578.284225 0.000000 5147065.772179 32654.611642 144552.100123 282479.666410 4763.063450 14740.043159 110947.658531 0.000000 1419386.274670 0.000000 0.000000 0.000000
1583 14 3 1717962.932655 4525047.281115 6459169.891706 0.000000 1079.241354 13356.190672 163096.862529 1017.455879 17596.084826 136202.146972 0.000000 1183918.267279 0.000000 0.000000 0.000000
1594 14 4 0.000000 92248.441892 100770.270891 0.000000 0.000000 9949269.810725 3021171.701934 3417882.098711 1206248.340801 0.000000 1217590.015615 0.000000 0.000000 0.000000 0.000000
1605 14 5 9151.770599 7436.770232 505411.212558 0.000000 10496529.381410 0.000000 9292912.949646 4463549.080864 2337915.301975 758824.712457 18388.593392 3509138.268267 0.000000 0.000000 0.000000
1616 14 6 20134.543370 236454.162528 1100560.709492 262995.833658 2201474.930696 8005960.736927 0.000000 4062044.421383 6854.896784 2421944.205170 0.000000 607828.748806 0.000000 0.000000 0.000000
1627 14 7 1181.010129 0.000000 0.000000 0.000000 3148227.709764 4720530.431234 4329302.014828 0.000000 5133745.955812 3287904.634716 0.000000 0.000000 0.000000 0.000000 0.000000
1638 14 8 142656.995990 434.594445 0.000000 4115.210227 267328.287700 3098594.224306 0.000000 4789665.796207 0.000000 9478670.418135 0.000000 5468.001249 0.000000 0.000000 0.000000
1649 14 9 0.000000 382998.408783 179910.043325 106793.953185 17717.895712 2915210.836535 2836769.264191 3545485.567161 10122163.236421 0.000000 0.000000 567801.393886 0.000000 0.000000 0.000000
1660 15 0 0.000000 3792806.524810 376310.253314 189109.128592 3811656.145863 65224.610298 3974584.915044 580396.278675 66502.369778 205936.706059 0.000000 0.000000 3445102.746600 0.000000 0.000000
1671 15 1 7436741.310787 0.000000 3997259.118356 6303721.599159 2946069.754763 2830608.003302 2010552.616574 1281484.199264 8893.206331 70892.806815 0.000000 0.000000 0.000000 0.000000 0.000000
1682 15 2 1339421.609435 5018533.779519 0.000000 2737481.677108 4125544.365066 2665217.516200 8149.209935 29758.709224 45832.183872 263730.657706 0.000000 284725.396675 0.000000 0.000000 0.000000
1693 15 3 371657.273404 6004345.877528 3168997.269349 0.000000 6471293.289861 2407.147251 4079707.740391 46273.860706 36337.627569 127499.401669 0.000000 372327.990725 0.000000 0.000000 0.000000
1704 15 4 2818051.878432 1554814.694479 4346410.137741 7694809.201067 0.000000 6882009.946376 3803851.597516 2047497.584059 63207.284306 451584.652062 0.000000 5332181.389551 0.000000 0.000000 0.000000
1715 15 5 1942955.440720 1770370.530513 4080823.126479 0.000000 4769102.765745 0.000000 8867874.456259 6299291.658005 0.000000 0.000000 2427767.081724 0.000000 0.000000 0.000000 0.000000
1726 15 6 2632648.130950 78136.515095 0.000000 2905164.539646 202897.987887 9123650.255254 0.000000 8844305.109968 458744.576687 3271569.380788 0.000000 5166687.428217 0.000000 0.000000 0.000000
1737 15 7 2855102.800486 1036416.156350 13622.636960 29146.274008 3057055.019451 5464495.125909 9003565.086874 0.000000 6407261.031218 183130.243688 0.000000 774111.610488 0.000000 0.000000 0.000000
1748 15 8 717750.593376 10503.181764 8062.588607 378322.725041 1241555.250747 1125.917270 1249295.204846 7639749.967075 0.000000 6857083.887833 0.000000 0.000000 0.000000 0.000000 0.000000
1759 15 9 48459.996609 32512.273757 3143.995170 31131.829447 1433162.405915 2122.673771 1698722.024362 14251.294544 8166150.996785 0.000000 0.000000 0.000000 0.000000 0.000000 0.000000
1770 16 0 0.000000 5139128.672768 6623.740745 1334133.969496 935238.163496 3217808.001067 1613349.152014 0.000000 182.232356 6221.296693 0.000000 0.000000 0.000000 0.000000 0.000000
1781 16 1 5249488.341007 0.000000 0.000000 218625.020901 1568926.964218 3531291.070956 253938.878252 3191825.825609 1036027.619520 13534.352692 0.000000 0.000000 934429.368257 0.000000 0.000000
1792 16 2 19.246533 10304.913485 0.000000 10502750.338326 2184535.464297 2407947.495151 90304.297247 0.000000 0.000000 1521634.716917 1284.338589 0.000000 0.000000 0.000000 0.000000
1803 16 3 1946986.678446 393418.631417 10183281.935370 0.000000 8320353.772052 4849597.743438 0.000000 0.000000 758.855378 3275052.364776 0.000000 297227.511384 0.000000 0.000000 0.000000
1814 16 4 1649676.013160 2754392.565708 2227315.391526 7329131.028349 0.000000 4136961.894836 118523.399045 1213704.431749 103460.019250 13104.333117 0.000000 1028358.237920 0.000000 0.000000 0.000000
1825 16 5 497499.006645 104692.710449 509605.318465 4564731.342086 4641797.489349 0.000000 5602453.948717 2867654.909120 132.492389 27856.417169 0.000000 5984937.583714 0.000000 0.000000 0.000000
1836 16 6 1214490.362036 543324.079430 1680.561925 0.000000 545557.921243 7604430.967682 0.000000 9380754.956369 2355527.554068 2192954.596572 0.000000 0.000000 0.000000 0.000000 0.000000
1847 16 7 274.114977 3033293.348075 18101.687984 2181.732250 645921.382669 3437429.490962 9017808.889000 0.000000 10251805.077104 760449.342186 0.000000 2088267.822786 0.000000 0.000000 0.000000
1858 16 8 179.904460 1221917.500480 0.000000 2184.461152 182111.971238 20341.099383 3066952.189766 11323516.352536 0.000000 3369866.752233 0.000000 0.000000 0.000000 0.000000 0.000000
1869 16 9 0.000000 266958.472944 565203.374451 3089638.692559 0.000000 3583362.480086 2724120.307906 1634468.695578 6789212.922397 0.000000 0.000000 0.000000 0.000000 0.000000 0.000000
1880 17 0 0.000000 3051328.539608 3939893.657244 5545.470426 25375.967494 318477.082718 653381.195007 452784.042633 367197.754976 341008.332304 0.000000 0.000000 1047073.345293 0.000000 0.000000
1891 17 1 3209988.526240 0.000000 6228544.484155 833.255496 7206.903602 9857.265461 657554.753782 4924.496685 12148.548489 13105.515959 0.000000 0.000000 0.000000 0.000000 0.000000
1902 17 2 4223497.865700 7415215.830554 0.000000 6167025.109235 162831.779072 181212.343143 255564.891738 524831.032058 21732.168048 0.000000 0.000000 2238139.487775 109781.651853 0.000000 0.000000
1913 17 3 42916.759613 0.000000 4508746.663625 0.000000 7085448.755585 5856839.293699 2738697.402824 1516985.190884 566496.396028 362.316102 0.000000 0.000000 0.000000 0.000000 0.000000
1924 17 4 63538.621735 5088.694226 173295.579541 7667132.848209 0.000000 8749606.935588 6715.204279 2137364.413190 451609.040032 1253.546094 0.000000 0.000000 0.000000 0.000000 0.000000
1935 17 5 1193321.947334 0.000000 724089.043700 5360942.344047 7710066.726906 0.000000 6769211.895868 30725.468477 3563818.916272 597555.212927 0.000000 294555.646738 0.000000 0.000000 0.000000
1946 17 6 845242.832950 2130098.731756 1259962.540654 2889967.970045 56114.653007 7265348.094667 0.000000 8284533.177351 3194140.442432 1012883.689985 0.000000 1304886.506692 0.000000 0.000000 0.000000
1957 17 7 388325.019782 0.000000 599636.406742 434439.107546 3064634.292639 0.000000 8407798.852656 0.000000 7048214.790037 4588570.793908 2612856.918253 0.000000 0.000000 0.000000 0.000000
1968 17 8 555258.879262 0.000000 907706.065971 68163.076806 109359.094537 3490483.247947 3225623.922390 10761465.628751 0.000000 6396029.892387 0.000000 2596503.561671 0.000000 0.000000 0.000000
1979 17 9 232998.604428 10110.831150 3374.801192 9894.361522 22885.530552 1556712.710688 1566045.236786 5004119.005747 8066808.895592 0.000000 0.000000 535973.390389 0.000000 0.000000 0.000000
1990 18 0 0.000000 9136240.671480 2770384.733500 2517893.515382 608970.548474 33571.549362 41096.941667 1462597.602437 2131083.484222 0.000000 0.000000 0.000000 1254842.613226 0.000000 0.000000
2001 18 1 9433982.716409 0.000000 7889003.742686 3534877.606873 1401547.680932 105569.563684 506887.517494 630751.368369 1262948.502641 1169.018972 0.000000 0.000000 239338.869721 0.000000 0.000000
2012 18 2 2821480.404600 7234401.759749 0.000000 3813362.215135 11963.151428 2633908.317084 13774.177853 1736247.450612 8841.350002 3706967.199360 3433.179181 0.000000 0.000000 0.000000 0.000000
2023 18 3 3188465.454008 4321806.950671 4423163.288748 0.000000 4667233.895767 3240217.234028 1302992.522823 2454599.103925 4203197.357391 3098647.443882 0.000000 142850.693431 0.000000 0.000000 0.000000
2034 18 4 998029.444603 1712094.823116 3384.168676 5213712.730285 0.000000 9019800.553356 3185583.823496 1314924.938398 3021804.606980 108168.854794 0.000000 553.982314 0.000000 0.000000 0.000000
2045 18 5 209597.759353 164606.857018 3310580.901172 3976768.478320 8922673.690878 0.000000 11002427.560140 1427938.654783 0.000000 2383214.664115 0.000000 0.000000 0.000000 0.000000 0.000000
2056 18 6 0.000000 140643.560631 3451.016384 1807332.988482 2571680.383300 11211644.599929 0.000000 3744002.998332 0.000000 3551936.993274 0.000000 0.000000 0.000000 0.000000 0.000000
2067 18 7 414398.009584 60358.838109 275518.513198 191688.837335 23410.648569 11139.034956 6837637.115883 0.000000 4304311.941617 5498916.325560 0.000000 3194952.593949 0.000000 0.000000 0.000000
2078 18 8 1667689.748288 430838.290643 0.000000 232520.949427 1325122.571659 0.000000 1123.453496 5038532.998923 0.000000 4427800.147250 2736330.990188 0.000000 0.000000 0.000000 0.000000
2089 18 9 10334.658493 0.000000 708424.493394 306079.029181 35372.860944 14089.031965 49679.589544 6637889.836122 3596946.593770 0.000000 0.000000 5869326.269219 0.000000 0.000000 0.000000
2100 19 0 0.000000 6452915.879056 30912.248220 1339327.935231 191030.854117 0.000000 2774994.767549 1527206.433395 3150855.295544 1839391.265897 0.000000 0.000000 2755958.873755 0.000000 0.000000
2111 19 1 4749863.369289 0.000000 6898119.387406 5368818.325393 416142.583236 0.000000 0.000000 1569277.358351 3756624.767104 23926.180778 0.000000 0.000000 379840.909844 0.000000 0.000000
2122 19 2 67391.094113 8392142.853634 0.000000 8891982.830032 188485.796347 0.000000 0.000000 400767.428278 3378629.566279 319371.764586 0.000000 7895.817214 32613.879998 0.000000 0.000000
2133 19 3 2740880.645111 6211397.739838 9493156.679930 0.000000 4827187.077393 0.000000 49962.929059 0.000000 16158.527149 1223967.460177 0.000000 0.000000 0.000000 0.000000 0.000000
2144 19 4 512474.327257 444875.673737 152831.734099 6715944.813915 0.000000 7310507.052716 2574275.431851 0.000000 4357477.807158 19284.325397 0.000000 371921.265819 0.000000 0.000000 0.000000
2155 19 5 33928.242891 54851.583431 17591.867882 1941.788596 7517218.220174 0.000000 6509195.799182 4057243.840158 5417201.873233 357548.831698 1209.331343 0.000000 0.000000 0.000000 0.000000
2166 19 6 2502857.980544 11575.644511 1192.382024 75.347686 2722414.592799 9933869.192136 0.000000 5838963.037021 444400.937021 1606155.130142 0.000000 0.000000 0.000000 0.000000 0.000000
2177 19 7 407291.977570 738370.351428 731155.881776 221.862177 0.000000 4459639.373129 5968316.320993 0.000000 5340.183469 16090.668509 1648.668755 2877438.576406 0.000000 0.000000 0.000000
2188 19 8 1396683.514678 1632272.322234 2137291.757209 1671.902911 2242570.140836 2901313.155485 0.000000 2443.526625 0.000000 10188406.268543 0.000000 4803054.507115 0.000000 0.000000 0.000000
2199 19 9 967739.784318 0.000000 45379.562366 565395.290642 0.000000 437249.732063 1841012.065600 5325.432980 11837391.984827 0.000000 0.000000 0.000000 0.000000 0.000000 0.000000
2210 20 0 0.000000 3867576.937855 2099475.717403 0.000000 0.000000 1037563.421789 1481557.701860 0.000000 0.000000 1403788.740374 0.000000 3134885.331737 0.000000 0.000000 0.000000
2221 20 1 4651157.380830 0.000000 5276157.098819 3549277.019051 1006726.114572 761062.139741 247337.608167 632805.271812 643038.698376 1732477.935862 0.000000 464726.789127 5794679.680562 0.000000 0.000000
2232 20 2 2562488.921240 5145522.431226 0.000000 9794974.072167 2543685.141803 2792222.964166 1147169.867599 1269169.057418 2030704.448029 2077171.539315 195.878866 0.000000 1891400.286201 0.000000 0.000000
2243 20 3 2042.734724 3871884.541599 9829485.561972 0.000000 10676047.260450 969751.690669 967279.362524 1811085.133436 734.250757 2023634.137608 0.000000 0.000000 0.000000 0.000000 0.000000
2254 20 4 2005.786557 4659585.465353 3277054.520737 11788159.036105 0.000000 3847898.325941 8300.637946 2193044.212536 618875.460421 143201.489317 0.000000 0.000000 0.000000 0.000000 0.000000
2265 20 5 3240527.381865 4978515.864239 2979065.785643 271209.645097 7144975.721106 0.000000 4697283.262679 7078373.813389 567737.493505 159619.210998 0.000000 1311973.999399 0.000000 0.000000 0.000000
2276 20 6 2203809.761955 2285829.417675 1232621.171288 1211791.749486 2893.417608 4916922.712227 0.000000 3593475.621812 4218196.826876 288619.345543 0.000000 0.000000 0.000000 0.000000 0.000000
2287 20 7 5762.527055 4060418.090633 1459647.463303 1637635.248282 2686761.661995 6213599.285666 3006391.828881 0.000000 7139192.312642 174819.829962 0.000000 1325898.302896 0.000000 0.000000 0.000000
2298 20 8 0.000000 2721082.462988 1534124.234719 0.000000 224142.303830 679214.330883 3914355.426143 8892792.950904 0.000000 6756702.711195 0.000000 341810.761130 0.000000 0.000000 0.000000
2309 20 9 3347016.701685 4668502.312087 1639440.660914 1412102.297818 0.000000 0.000000 666.749496 5545.663119 4230551.814745 0.000000 0.000000 1651384.913776 0.000000 0.000000 0.000000
2320 21 0 0.000000 9233671.455405 1380215.261735 2025032.032917 225445.919509 0.000000 557833.003628 220027.399773 242757.718264 376537.997020 0.000000 0.000000 4536633.099599 0.000000 0.000000
2331 21 1 10425005.742873 0.000000 7659635.301420 1264952.475498 2659817.373656 621823.286114 0.000000 0.000000 152437.318591 2081.471606 0.000000 820504.968282 0.000000 0.000000 0.000000
2342 21 2 3479519.057760 6950784.822028 0.000000 8169241.132642 3503621.081961 1326694.652133 40745.518152 22072.170614 7185.400754 125742.501296 18279.681489 0.000000 5983522.425661 0.000000 0.000000
2353 21 3 1783894.012747 734362.652356 7522835.778954 0.000000 6681681.688556 4812894.589593 18814.775451 8712.456677 0.000000 102856.612016 0.000000 0.000000 7801.403683 0.000000 0.000000
2364 21 4 2794113.046284 2669786.094950 4395322.015322 9549489.338135 0.000000 6479315.302969 6018.434696 3609.164855 0.000000 85674.827714 1723.922584 68.356924 0.000000 0.000000 0.000000
2375 21 5 5726.561217 554863.181770 2708878.619099 4871594.759122 6269993.056306 0.000000 12241.408575 5880.402448 0.000000 47468.432236 0.000000 0.000000 0.000000 0.000000 0.000000
2386 21 6 4276780.165745 150.238998 877008.400655 1248.122142 0.000000 3429.380943 0.000000 9435986.873667 3074210.169202 2721820.145392 0.000000 192127.851016 0.000000 0.000000 0.000000
2397 21 7 1401336.629251 0.000000 2310366.830352 6200.261109 0.000000 0.000000 10574995.851130 0.000000 7678501.123346 4547511.206521 0.000000 9325.847655 0.000000 0.000000 0.000000
2408 21 8 594156.287752 207044.006343 2042440.534654 3831.282648 0.000000 0.000000 3053880.086559 7564459.465235 0.000000 4160344.887890 0.000000 414223.880715 0.000000 0.000000 0.000000
2419 21 9 2281651.953037 2720.871344 5304035.915678 306.842653 0.000000 0.000000 3152318.957696 4336152.416455 4303631.928504 0.000000 0.000000 26773.476777 0.000000 0.000000 0.000000
2430 22 0 0.000000 10196539.336583 2338306.211128 66148.998155 786.569298 87620.901480 1377546.385422 1905670.312845 0.000000 2887.684938 0.000000 0.000000 1141786.370752 0.000000 0.000000
2441 22 1 10009773.511695 0.000000 10531197.013952 1226852.882415 62430.121361 83412.714298 166532.226484 1369903.506033 234825.622373 941.001719 0.000000 0.000000 4080360.270815 0.000000 0.000000
2452 22 2 3459760.893239 11429544.246623 0.000000 3058078.923558 4070.084018 24790.917373 0.000000 40120.453961 2471683.514031 432837.389334 0.000000 0.000000 0.000000 0.000000 0.000000
2463 22 3 23889.372321 9248197.007393 8250305.823784 0.000000 3447577.941662 4930532.973893 905146.707150 1044285.926447 0.000000 2094931.316999 0.000000 0.000000 484635.662869 0.000000 0.000000
2474 22 4 3810.361777 5461937.476606 0.000000 4286766.270556 0.000000 2630197.583523 3206979.348693 2046912.720540 0.000000 52591.669676 0.000000 0.000000 0.000000 0.000000 0.000000
2485 22 5 940193.270068 4612272.964726 518.567676 6202579.907691 2636998.254284 0.000000 5764085.672125 0.000000 2100137.898859 2310.332171 0.000000 0.000000 0.000000 0.000000 0.000000
2496 22 6 1007390.838409 4668545.797966 0.000000 1608655.168147 3553026.386066 6870985.027172 0.000000 6097424.785822 0.000000 1142531.137565 0.000000 0.000000 0.000000 0.000000 0.000000
2507 22 7 1394490.090915 5595829.104360 97795.156596 1267540.674521 1575444.013369 0.000000 4463127.608991 0.000000 7197166.809703 5429181.415462 0.000000 149722.725653 0.000000 0.000000 0.000000
2518 22 8 0.000000 3495409.444630 1379773.966360 13293.059367 921.495191 2849116.387820 30330.680801 7605089.056494 0.000000 7633324.645755 0.000000 0.000000 0.000000 0.000000 0.000000
2529 22 9 0.000000 4365.982009 774545.152083 1318962.853732 116926.707598 0.000000 1302289.064352 5511056.587268 8782360.384855 0.000000 0.000000 630469.498376 0.000000 0.000000 0.000000
2540 23 0 0.000000 0.000000 0.000000 0.000000 0.000000 0.000000 0.000000 0.000000 0.000000 0.000000 0.000000 0.000000 0.000000 0.000000 0.000000
2551 23 1 110.649618 0.000000 0.000000 0.000000 0.000000 0.000000 0.000000 0.000000 0.000000 0.000000 0.000000 0.000000 0.000000 0.000000 0.000000
2562 23 2 835588.983269 0.000000 0.000000 0.000000 0.000000 0.000000 0.000000 0.000000 0.000000 0.000000 0.000000 0.000000 58232.619113 0.000000 0.000000
2573 23 3 0.000000 0.000000 0.000000 0.000000 0.000000 0.000000 0.000000 0.000000 0.000000 0.000000 0.000000 0.000000 0.000000 0.000000 0.000000
2584 23 4 4956.446719 0.000000 0.000000 0.000000 0.000000 0.000000 0.000000 0.000000 0.000000 0.000000 0.000000 0.000000 0.000000 0.000000 0.000000
2595 23 5 4532.239918 0.000000 0.000000 0.000000 0.000000 0.000000 0.000000 0.000000 0.000000 0.000000 0.000000 0.000000 0.000000 0.000000 0.000000
2606 23 6 73.470204 0.000000 0.000000 0.000000 0.000000 0.000000 0.000000 0.000000 0.000000 0.000000 0.000000 0.000000 0.000000 0.000000 0.000000
2617 23 7 0.000000 0.000000 0.000000 0.000000 0.000000 0.000000 0.000000 0.000000 0.000000 0.000000 0.000000 0.000000 0.000000 0.000000 0.000000
2628 23 8 0.000000 0.000000 0.000000 0.000000 0.000000 0.000000 0.000000 0.000000 0.000000 0.000000 0.000000 0.000000 0.000000 0.000000 0.000000
2639 23 9 3890.996506 0.000000 0.000000 0.000000 0.000000 0.000000 0.000000 0.000000 0.000000 0.000000 0.000000 0.000000 0.000000 0.000000 0.000000
2650 24 0 0.000000 0.000000 0.000000 0.000000 0.000000 0.000000 0.000000 0.000000 0.000000 0.000000 0.000000 0.000000 0.000000 0.000000 0.000000
2661 24 1 3317.422256 0.000000 0.000000 0.000000 0.000000 0.000000 0.000000 0.000000 0.000000 0.000000 0.000000 0.000000 0.000000 0.000000 0.000000
2672 24 2 0.000000 733.271714 0.000000 0.000000 0.000000 0.000000 0.000000 0.000000 0.000000 0.000000 0.000000 0.000000 0.000000 0.000000 0.000000
2683 24 3 0.000000 0.000000 0.000000 0.000000 0.000000 0.000000 0.000000 0.000000 0.000000 0.000000 0.000000 0.000000 0.000000 0.000000 0.000000
2694 24 4 0.000000 0.000000 0.000000 0.000000 0.000000 0.000000 0.000000 0.000000 0.000000 0.000000 0.000000 0.000000 0.000000 0.000000 0.000000
2705 24 5 0.000000 0.000000 0.000000 0.000000 0.000000 0.000000 0.000000 0.000000 0.000000 0.000000 0.000000 0.000000 0.000000 0.000000 0.000000
2716 24 6 0.000000 0.000000 0.000000 0.000000 0.000000 0.000000 0.000000 0.000000 0.000000 0.000000 0.000000 0.000000 0.000000 0.000000 0.000000
2727 24 7 0.000000 0.000000 0.000000 0.000000 0.000000 0.000000 0.000000 0.000000 0.000000 0.000000 0.000000 0.000000 0.000000 0.000000 0.000000
2738 24 8 0.000000 0.000000 0.000000 0.000000 0.000000 0.000000 0.000000 0.000000 0.000000 0.000000 0.000000 0.000000 0.000000 0.000000 0.000000
2749 24 9 0.000000 0.000000 0.000000 0.000000 0.000000 0.000000 0.000000 0.000000 0.000000 0.000000 0.000000 0.000000 0.000000 0.000000 0.000000
2760 25 0 0.000000 0.000000 0.000000 0.000000 0.000000 0.000000 0.000000 0.000000 0.000000 0.000000 0.000000 0.000000 0.000000 0.000000 0.000000
2771 25 1 0.000000 0.000000 0.000000 0.000000 0.000000 0.000000 0.000000 0.000000 0.000000 0.000000 0.000000 0.000000 0.000000 0.000000 0.000000
2782 25 2 0.000000 6403.136924 0.000000 0.000000 0.000000 0.000000 0.000000 0.000000 0.000000 0.000000 0.000000 0.000000 0.000000 0.000000 0.000000
2793 25 3 0.000000 0.000000 0.000000 0.000000 0.000000 0.000000 0.000000 0.000000 0.000000 0.000000 0.000000 0.000000 0.000000 0.000000 0.000000
2804 25 4 0.000000 0.000000 0.000000 0.000000 0.000000 0.000000 0.000000 0.000000 0.000000 0.000000 0.000000 0.000000 0.000000 0.000000 0.000000
2815 25 5 0.000000 0.000000 0.000000 0.000000 0.000000 0.000000 0.000000 0.000000 0.000000 0.000000 0.000000 0.000000 0.000000 0.000000 0.000000
2826 25 6 0.000000 0.000000 0.000000 0.000000 0.000000 0.000000 0.000000 0.000000 0.000000 0.000000 0.000000 0.000000 0.000000 0.000000 0.000000
2837 25 7 0.000000 0.000000 0.000000 0.000000 0.000000 0.000000 0.000000 0.000000 0.000000 0.000000 0.000000 0.000000 0.000000 0.000000 0.000000
2848 25 8 0.000000 0.000000 0.000000 0.000000 0.000000 0.000000 0.000000 0.000000 0.000000 0.000000 0.000000 0.000000 0.000000 0.000000 0.000000
2859 25 9 0.000000 0.000000 0.000000 0.000000 0.000000 0.000000 0.000000 0.000000 0.000000 0.000000 0.000000 0.000000 0.000000 0.000000 0.000000
2870 26 0 0.000000 0.000000 0.000000 0.000000 0.000000 0.000000 0.000000 0.000000 0.000000 0.000000 0.000000 0.000000 0.000000 0.000000 0.000000
2881 26 1 2876.250766 0.000000 0.000000 0.000000 0.000000 0.000000 0.000000 0.000000 0.000000 0.000000 0.000000 0.000000 0.000000 0.000000 0.000000
2892 26 2 0.000000 205.895943 0.000000 0.000000 0.000000 0.000000 0.000000 0.000000 0.000000 0.000000 0.000000 0.000000 0.000000 0.000000 0.000000
2903 26 3 0.000000 0.000000 0.000000 0.000000 0.000000 0.000000 0.000000 0.000000 0.000000 0.000000 0.000000 0.000000 0.000000 0.000000 0.000000
2914 26 4 0.000000 0.000000 0.000000 0.000000 0.000000 0.000000 0.000000 0.000000 0.000000 0.000000 0.000000 0.000000 0.000000 0.000000 0.000000
2925 26 5 0.000000 0.000000 0.000000 0.000000 0.000000 0.000000 0.000000 0.000000 0.000000 0.000000 0.000000 0.000000 0.000000 0.000000 0.000000
2936 26 6 0.000000 0.000000 0.000000 0.000000 0.000000 0.000000 0.000000 0.000000 0.000000 0.000000 0.000000 0.000000 0.000000 0.000000 0.000000
2947 26 7 0.000000 0.000000 0.000000 0.000000 0.000000 0.000000 0.000000 0.000000 0.000000 0.000000 0.000000 0.000000 0.000000 0.000000 0.000000
2958 26 8 0.000000 0.000000 0.000000 0.000000 0.000000 0.000000 0.000000 0.000000 0.000000 0.000000 0.000000 0.000000 0.000000 0.000000 0.000000
2969 26 9 0.000000 0.000000 0.000000 0.000000 0.000000 0.000000 0.000000 0.000000 0.000000 0.000000 0.000000 0.000000 0.000000 0.000000 0.000000
2980 27 0 0.000000 0.000000 0.000000 0.000000 0.000000 0.000000 0.000000 0.000000 0.000000 0.000000 0.000000 0.000000 0.000000 0.000000 0.000000
2991 27 1 5051.683293 0.000000 0.000000 0.000000 0.000000 0.000000 0.000000 0.000000 0.000000 0.000000 0.000000 0.000000 0.000000 0.000000 0.000000
3002 27 2 0.000000 0.000000 0.000000 0.000000 0.000000 0.000000 0.000000 0.000000 0.000000 0.000000 0.000000 0.000000 0.000000 0.000000 0.000000
3013 27 3 0.000000 0.000000 0.000000 0.000000 0.000000 0.000000 0.000000 0.000000 0.000000 0.000000 0.000000 0.000000 0.000000 0.000000 0.000000
3024 27 4 0.000000 0.000000 0.000000 0.000000 0.000000 0.000000 0.000000 0.000000 0.000000 0.000000 0.000000 0.000000 0.000000 0.000000 0.000000
3035 27 5 0.000000 0.000000 0.000000 0.000000 0.000000 0.000000 0.000000 0.000000 0.000000 0.000000 0.000000 0.000000 0.000000 0.000000 0.000000
3046 27 6 0.000000 0.000000 0.000000 0.000000 0.000000 0.000000 0.000000 0.000000 0.000000 0.000000 0.000000 0.000000 0.000000 0.000000 0.000000
3057 27 7 0.000000 0.000000 0.000000 0.000000 0.000000 0.000000 0.000000 0.000000 0.000000 0.000000 0.000000 0.000000 0.000000 0.000000 0.000000
3068 27 8 0.000000 0.000000 0.000000 0.000000 0.000000 0.000000 0.000000 0.000000 0.000000 0.000000 0.000000 0.000000 0.000000 0.000000 0.000000
3079 27 9 0.000000 0.000000 0.000000 0.000000 0.000000 0.000000 0.000000 0.000000 0.000000 0.000000 0.000000 0.000000 0.000000 0.000000 0.000000
3090 28 0 0.000000 0.000000 0.000000 0.000000 0.000000 0.000000 0.000000 0.000000 0.000000 0.000000 0.000000 0.000000 0.000000 0.000000 0.000000
3101 28 1 2500.983106 0.000000 0.000000 0.000000 0.000000 0.000000 0.000000 0.000000 0.000000 0.000000 0.000000 0.000000 0.000000 0.000000 0.000000
3112 28 2 0.000000 0.000000 0.000000 0.000000 0.000000 0.000000 0.000000 0.000000 0.000000 0.000000 0.000000 0.000000 0.000000 0.000000 0.000000
3123 28 3 0.000000 0.000000 0.000000 0.000000 0.000000 0.000000 0.000000 0.000000 0.000000 0.000000 0.000000 0.000000 0.000000 0.000000 0.000000
3134 28 4 0.000000 0.000000 0.000000 0.000000 0.000000 0.000000 0.000000 0.000000 0.000000 0.000000 0.000000 0.000000 0.000000 0.000000 0.000000
3145 28 5 0.000000 0.000000 0.000000 0.000000 0.000000 0.000000 0.000000 0.000000 0.000000 0.000000 0.000000 0.000000 0.000000 0.000000 0.000000
3156 28 6 0.000000 0.000000 0.000000 0.000000 0.000000 0.000000 0.000000 0.000000 0.000000 0.000000 0.000000 0.000000 0.000000 0.000000 0.000000
3167 28 7 0.000000 0.000000 0.000000 0.000000 0.000000 0.000000 0.000000 0.000000 0.000000 0.000000 0.000000 0.000000 0.000000 0.000000 0.000000
3178 28 8 0.000000 0.000000 0.000000 0.000000 0.000000 0.000000 0.000000 0.000000 0.000000 0.000000 0.000000 0.000000 0.000000 0.000000 0.000000
3189 28 9 0.000000 0.000000 0.000000 0.000000 0.000000 0.000000 0.000000 0.000000 0.000000 0.000000 0.000000 0.000000 0.000000 0.000000 0.000000
3200 29 0 0.000000 0.000000 0.000000 0.000000 0.000000 0.000000 0.000000 0.000000 0.000000 0.000000 0.000000 0.000000 0.000000 0.000000 0.000000
3211 29 1 3028.666286 0.000000 0.000000 0.000000 0.000000 0.000000 0.000000 0.000000 0.000000 0.000000 0.000000 0.000000 0.000000 0.000000 0.000000
3222 29 2 0.000000 0.000000 0.000000 0.000000 0.000000 0.000000 0.000000 0.000000 0.000000 0.000000 1048.950040 0.000000 0.000000 0.000000 0.000000
3233 29 3 0.000000 0.000000 0.000000 0.000000 0.000000 0.000000 0.000000 0.000000 0.000000 0.000000 0.000000 0.000000 0.000000 0.000000 0.000000
3244 29 4 0.000000 0.000000 0.000000 0.000000 0.000000 0.000000 0.000000 0.000000 0.000000 0.000000 0.000000 0.000000 0.000000 0.000000 0.000000
3255 29 5 0.000000 0.000000 0.000000 0.000000 0.000000 0.000000 0.000000 0.000000 0.000000 0.000000 0.000000 0.000000 0.000000 0.000000 0.000000
3266 29 6 0.000000 0.000000 0.000000 0.000000 0.000000 0.000000 0.000000 0.000000 0.000000 0.000000 0.000000 0.000000 0.000000 0.000000 0.000000
3277 29 7 0.000000 0.000000 0.000000 0.000000 0.000000 0.000000 0.000000 0.000000 0.000000 0.000000 0.000000 0.000000 0.000000 0.000000 0.000000
3288 29 8 0.000000 0.000000 0.000000 0.000000 0.000000 0.000000 0.000000 0.000000 0.000000 0.000000 0.000000 0.000000 0.000000 0.000000 0.000000
3299 29 9 0.000000 0.000000 0.000000 0.000000 0.000000 0.000000 0.000000 0.000000 0.000000 0.000000 0.000000 0.000000 0.000000 0.000000 0.000000
3310 30 0 0.000000 0.000000 0.000000 0.000000 0.000000 0.000000 0.000000 0.000000 0.000000 0.000000 0.000000 0.000000 0.000000 0.000000 0.000000
3321 30 1 0.000000 0.000000 0.000000 0.000000 0.000000 0.000000 0.000000 0.000000 0.000000 0.000000 0.000000 0.000000 0.000000 0.000000 0.000000
3332 30 2 0.000000 0.000000 0.000000 0.000000 0.000000 0.000000 0.000000 0.000000 0.000000 0.000000 0.000000 0.000000 0.000000 0.000000 0.000000
3343 30 3 0.000000 0.000000 0.000000 0.000000 0.000000 0.000000 0.000000 0.000000 0.000000 0.000000 0.000000 0.000000 0.000000 0.000000 0.000000
3354 30 4 0.000000 0.000000 0.000000 0.000000 0.000000 0.000000 0.000000 0.000000 0.000000 0.000000 0.000000 0.000000 0.000000 0.000000 0.000000
3365 30 5 0.000000 0.000000 0.000000 0.000000 0.000000 0.000000 0.000000 0.000000 0.000000 0.000000 0.000000 0.000000 0.000000 0.000000 0.000000
3376 30 6 0.000000 0.000000 0.000000 0.000000 0.000000 0.000000 0.000000 0.000000 0.000000 0.000000 0.000000 0.000000 0.000000 0.000000 0.000000
3387 30 7 0.000000 0.000000 0.000000 0.000000 0.000000 0.000000 0.000000 0.000000 0.000000 0.000000 0.000000 0.000000 0.000000 0.000000 0.000000
3398 30 8 0.000000 0.000000 0.000000 0.000000 0.000000 0.000000 0.000000 0.000000 0.000000 0.000000 0.000000 0.000000 0.000000 0.000000 0.000000
3409 30 9 0.000000 0.000000 0.000000 0.000000 0.000000 0.000000 0.000000 0.000000 0.000000 0.000000 0.000000 0.000000 0.000000 0.000000 0.000000
3420 31 0 0.000000 0.000000 0.000000 0.000000 0.000000 0.000000 0.000000 0.000000 0.000000 0.000000 0.000000 0.000000 0.000000 0.000000 0.000000
3431 31 1 0.000000 0.000000 0.000000 0.000000 0.000000 0.000000 0.000000 0.000000 0.000000 0.000000 0.000000 0.000000 0.000000 0.000000 0.000000
3442 31 2 0.000000 0.000000 0.000000 0.000000 0.000000 0.000000 0.000000 0.000000 0.000000 0.000000 0.000000 0.000000 0.000000 0.000000 0.000000
3453 31 3 0.000000 0.000000 0.000000 0.000000 0.000000 0.000000 0.000000 0.000000 0.000000 0.000000 0.000000 0.000000 0.000000 0.000000 0.000000
3464 31 4 0.000000 0.000000 0.000000 0.000000 0.000000 0.000000 0.000000 0.000000 0.000000 0.000000 0.000000 0.000000 0.000000 0.000000 0.000000
3475 31 5 0.000000 0.000000 0.000000 0.000000 0.000000 0.000000 0.000000 0.000000 0.000000 0.000000 0.000000 0.000000 0.000000 0.000000 0.000000
3486 31 6 0.000000 0.000000 0.000000 0.000000 0.000000 0.000000 0.000000 0.000000 0.000000 0.000000 0.000000 0.000000 0.000000 0.000000 0.000000
3497 31 7 0.000000 0.000000 0.000000 0.000000 0.000000 0.000000 0.000000 0.000000 0.000000 0.000000 0.000000 0.000000 0.000000 0.000000 0.000000
3508 31 8 0.000000 0.000000 0.000000 0.000000 0.000000 0.000000 0.000000 0.000000 0.000000 0.000000 0.000000 0.000000 0.000000 0.000000 0.000000
3519 31 9 0.000000 0.000000 0.000000 0.000000 0.000000 0.000000 0.000000 0.000000 0.000000 0.000000 0.000000 0.000000 0.000000 0.000000 0.000000
3530 32 0 0.000000 0.000000 0.000000 0.000000 0.000000 0.000000 0.000000 0.000000 0.000000 0.000000 0.000000 0.000000 0.000000 0.000000 0.000000
3541 32 1 5615.060083 0.000000 0.000000 0.000000 0.000000 0.000000 0.000000 0.000000 0.000000 0.000000 0.000000 0.000000 0.000000 0.000000 0.000000
3552 32 2 0.000000 0.000000 0.000000 0.000000 0.000000 0.000000 0.000000 0.000000 0.000000 0.000000 0.000000 0.000000 0.000000 0.000000 0.000000
3563 32 3 0.000000 0.000000 0.000000 0.000000 0.000000 0.000000 0.000000 0.000000 0.000000 0.000000 0.000000 0.000000 0.000000 0.000000 0.000000
3574 32 4 0.000000 0.000000 0.000000 0.000000 0.000000 0.000000 0.000000 0.000000 0.000000 0.000000 0.000000 0.000000 0.000000 0.000000 0.000000
3585 32 5 0.000000 0.000000 0.000000 0.000000 0.000000 0.000000 0.000000 0.000000 0.000000 0.000000 0.000000 0.000000 0.000000 0.000000 0.000000
3596 32 6 0.000000 0.000000 0.000000 0.000000 0.000000 0.000000 0.000000 0.000000 0.000000 0.000000 0.000000 0.000000 0.000000 0.000000 0.000000
3607 32 7 0.000000 0.000000 0.000000 0.000000 0.000000 0.000000 0.000000 0.000000 0.000000 0.000000 0.000000 0.000000 0.000000 0.000000 0.000000
3618 32 8 0.000000 0.000000 0.000000 0.000000 0.000000 0.000000 0.000000 0.000000 0.000000 0.000000 0.000000 0.000000 0.000000 0.000000 0.000000
3629 32 9 0.000000 0.000000 0.000000 0.000000 0.000000 0.000000 0.000000 0.000000 0.000000 0.000000 0.000000 0.000000 0.000000 0.000000 0.000000
3640 33 0 0.000000 0.000000 0.000000 0.000000 0.000000 0.000000 0.000000 0.000000 0.000000 0.000000 0.000000 0.000000 0.000000 0.000000 0.000000
3651 33 1 0.000000 0.000000 0.000000 0.000000 0.000000 0.000000 0.000000 0.000000 0.000000 0.000000 0.000000 0.000000 0.000000 0.000000 0.000000
3662 33 2 0.000000 765.580451 0.000000 0.000000 0.000000 0.000000 0.000000 0.000000 0.000000 0.000000 0.000000 0.000000 0.000000 0.000000 0.000000
3673 33 3 0.000000 0.000000 0.000000 0.000000 0.000000 0.000000 0.000000 0.000000 0.000000 0.000000 0.000000 0.000000 0.000000 0.000000 0.000000
3684 33 4 0.000000 0.000000 0.000000 0.000000 0.000000 0.000000 0.000000 0.000000 0.000000 0.000000 0.000000 0.000000 0.000000 0.000000 0.000000
3695 33 5 0.000000 0.000000 0.000000 0.000000 0.000000 0.000000 0.000000 0.000000 0.000000 0.000000 0.000000 0.000000 0.000000 0.000000 0.000000
3706 33 6 0.000000 0.000000 0.000000 0.000000 0.000000 0.000000 0.000000 0.000000 0.000000 0.000000 0.000000 0.000000 0.000000 0.000000 0.000000
3717 33 7 0.000000 0.000000 0.000000 0.000000 0.000000 0.000000 0.000000 0.000000 0.000000 0.000000 0.000000 0.000000 0.000000 0.000000 0.000000
3728 33 8 0.000000 0.000000 0.000000 0.000000 0.000000 0.000000 0.000000 0.000000 0.000000 0.000000 0.000000 0.000000 0.000000 0.000000 0.000000
3739 33 9 0.000000 0.000000 0.000000 0.000000 0.000000 0.000000 0.000000 0.000000 0.000000 0.000000 0.000000 0.000000 0.000000 0.000000 0.000000
3750 34 0 0.000000 0.000000 0.000000 0.000000 0.000000 0.000000 0.000000 0.000000 0.000000 0.000000 0.000000 0.000000 0.000000 0.000000 0.000000
3761 34 1 4941.677880 0.000000 0.000000 0.000000 0.000000 0.000000 0.000000 0.000000 0.000000 0.000000 0.000000 0.000000 0.000000 0.000000 0.000000
3772 34 2 0.000000 0.000000 0.000000 0.000000 0.000000 0.000000 0.000000 0.000000 0.000000 0.000000 0.000000 0.000000 0.000000 0.000000 0.000000
3783 34 3 0.000000 0.000000 0.000000 0.000000 0.000000 0.000000 0.000000 0.000000 0.000000 0.000000 0.000000 0.000000 0.000000 0.000000 0.000000
3794 34 4 0.000000 0.000000 0.000000 0.000000 0.000000 0.000000 0.000000 0.000000 0.000000 0.000000 0.000000 0.000000 0.000000 0.000000 0.000000
3805 34 5 0.000000 0.000000 0.000000 0.000000 0.000000 0.000000 0.000000 0.000000 0.000000 0.000000 0.000000 0.000000 0.000000 0.000000 0.000000
3816 34 6 0.000000 0.000000 0.000000 0.000000 0.000000 0.000000 0.000000 0.000000 0.000000 0.000000 0.000000 0.000000 0.000000 0.000000 0.000000
3827 34 7 0.000000 0.000000 0.000000 0.000000 0.000000 0.000000 0.000000 0.000000 0.000000 0.000000 0.000000 0.000000 0.000000 0.000000 0.000000
3838 34 8 0.000000 0.000000 0.000000 0.000000 0.000000 0.000000 0.000000 0.000000 0.000000 0.000000 0.000000 0.000000 0.000000 0.000000 0.000000
3849 34 9 0.000000 0.000000 0.000000 0.000000 0.000000 0.000000 0.000000 0.000000 0.000000 0.000000 0.000000 0.000000 0.000000 0.000000 0.000000
3860 35 0 0.000000 0.000000 0.000000 0.000000 0.000000 0.000000 0.000000 0.000000 0.000000 0.000000 0.000000 0.000000 0.000000 0.000000 0.000000
3871 35 1 422.248374 0.000000 0.000000 0.000000 0.000000 0.000000 0.000000 0.000000 0.000000 0.000000 0.000000 0.000000 0.000000 0.000000 0.000000
3882 35 2 0.000000 3058.114721 0.000000 0.000000 0.000000 0.000000 0.000000 0.000000 0.000000 0.000000 0.000000 0.000000 0.000000 0.000000 0.000000
3893 35 3 0.000000 0.000000 0.000000 0.000000 0.000000 0.000000 0.000000 0.000000 0.000000 0.000000 0.000000 0.000000 0.000000 0.000000 0.000000
3904 35 4 0.000000 0.000000 0.000000 0.000000 0.000000 0.000000 0.000000 0.000000 0.000000 0.000000 0.000000 0.000000 0.000000 0.000000 0.000000
3915 35 5 0.000000 0.000000 0.000000 0.000000 0.000000 0.000000 0.000000 0.000000 0.000000 0.000000 0.000000 0.000000 0.000000 0.000000 0.000000
3926 35 6 0.000000 0.000000 0.000000 0.000000 0.000000 0.000000 0.000000 0.000000 0.000000 0.000000 0.000000 0.000000 0.000000 0.000000 0.000000
3937 35 7 0.000000 0.000000 0.000000 0.000000 0.000000 0.000000 0.000000 0.000000 0.000000 0.000000 0.000000 0.000000 0.000000 0.000000 0.000000
3948 35 8 0.000000 0.000000 0.000000 0.000000 0.000000 0.000000 0.000000 0.000000 0.000000 0.000000 0.000000 0.000000 0.000000 0.000000 0.000000
3959 35 9 0.000000 0.000000 0.000000 0.000000 0.000000 0.000000 0.000000 0.000000 0.000000 0.000000 0.000000 0.000000 0.000000 0.000000 0.000000
3970 36 0 0.000000 0.000000 0.000000 0.000000 0.000000 0.000000 0.000000 0.000000 0.000000 0.000000 0.000000 0.000000 0.000000 0.000000 0.000000
3981 36 1 3896.012605 0.000000 0.000000 0.000000 0.000000 0.000000 0.000000 0.000000 0.000000 0.000000 0.000000 0.000000 0.000000 0.000000 0.000000
3992 36 2 0.000000 7947.322845 0.000000 0.000000 0.000000 0.000000 0.000000 0.000000 0.000000 0.000000 0.000000 0.000000 0.000000 0.000000 0.000000
4003 36 3 0.000000 0.000000 0.000000 0.000000 0.000000 0.000000 0.000000 0.000000 0.000000 0.000000 0.000000 0.000000 0.000000 0.000000 0.000000
4014 36 4 0.000000 0.000000 0.000000 0.000000 0.000000 0.000000 0.000000 0.000000 0.000000 0.000000 0.000000 0.000000 0.000000 0.000000 0.000000
4025 36 5 0.000000 0.000000 0.000000 0.000000 0.000000 0.000000 0.000000 0.000000 0.000000 0.000000 0.000000 0.000000 0.000000 0.000000 0.000000
4036 36 6 0.000000 0.000000 0.000000 0.000000 0.000000 0.000000 0.000000 0.000000 0.000000 0.000000 0.000000 0.000000 0.000000 0.000000 0.000000
4047 36 7 0.000000 0.000000 0.000000 0.000000 0.000000 0.000000 0.000000 0.000000 0.000000 0.000000 0.000000 0.000000 0.000000 0.000000 0.000000
4058 36 8 0.000000 0.000000 0.000000 0.000000 0.000000 0.000000 0.000000 0.000000 0.000000 0.000000 0.000000 0.000000 0.000000 0.000000 0.000000
4069 36 9 0.000000 0.000000 0.000000 0.000000 0.000000 0.000000 0.000000 0.000000 0.000000 0.000000 0.000000 0.000000 0.000000 0.000000 0.000000
4080 37 0 0.000000 0.000000 0.000000 0.000000 0.000000 0.000000 0.000000 0.000000 0.000000 0.000000 0.000000 0.000000 0.000000 0.000000 0.000000
4091 37 1 254.895734 0.000000 0.000000 0.000000 0.000000 0.000000 0.000000 0.000000 0.000000 0.000000 0.000000 0.000000 0.000000 0.000000 0.000000
4102 37 2 0.000000 0.000000 0.000000 0.000000 0.000000 0.000000 0.000000 0.000000 0.000000 0.000000 0.000000 0.000000 0.000000 0.000000 0.000000
4113 37 3 0.000000 0.000000 0.000000 0.000000 0.000000 0.000000 0.000000 0.000000 0.000000 0.000000 0.000000 0.000000 0.000000 0.000000 0.000000
4124 37 4 0.000000 0.000000 0.000000 0.000000 0.000000 0.000000 0.000000 0.000000 0.000000 0.000000 0.000000 0.000000 0.000000 0.000000 0.000000
4135 37 5 0.000000 0.000000 0.000000 0.000000 0.000000 0.000000 0.000000 0.000000 0.000000 0.000000 0.000000 0.000000 0.000000 0.000000 0.000000
4146 37 6 0.000000 0.000000 0.000000 0.000000 0.000000 0.000000 0.000000 0.000000 0.000000 0.000000 0.000000 0.000000 0.000000 0.000000 0.000000
4157 37 7 0.000000 0.000000 0.000000 0.000000 0.000000 0.000000 0.000000 0.000000 0.000000 0.000000 0.000000 0.000000 0.000000 0.000000 0.000000
4168 37 8 0.000000 0.000000 0.000000 0.000000 0.000000 0.000000 0.000000 0.000000 0.000000 0.000000 0.000000 0.000000 0.000000 0.000000 0.000000
4179 37 9 0.000000 0.000000 0.000000 0.000000 0.000000 0.000000 0.000000 0.000000 0.000000 0.000000 0.000000 0.000000 0.000000 0.000000 0.000000
4190 38 0 0.000000 0.000000 0.000000 0.000000 0.000000 0.000000 0.000000 0.000000 0.000000 0.000000 0.000000 0.000000 0.000000 0.000000 0.000000
4201 38 1 2657.168894 0.000000 0.000000 0.000000 0.000000 0.000000 0.000000 0.000000 0.000000 0.000000 0.000000 0.000000 0.000000 0.000000 0.000000
4212 38 2 0.000000 5020.459428 0.000000 0.000000 0.000000 0.000000 0.000000 0.000000 0.000000 0.000000 0.000000 0.000000 0.000000 0.000000 0.000000
4223 38 3 0.000000 0.000000 0.000000 0.000000 0.000000 0.000000 0.000000 0.000000 0.000000 0.000000 0.000000 0.000000 0.000000 0.000000 0.000000
4234 38 4 0.000000 0.000000 0.000000 0.000000 0.000000 0.000000 0.000000 0.000000 0.000000 0.000000 0.000000 0.000000 0.000000 0.000000 0.000000
4245 38 5 0.000000 0.000000 0.000000 0.000000 0.000000 0.000000 0.000000 0.000000 0.000000 0.000000 0.000000 0.000000 0.000000 0.000000 0.000000
4256 38 6 0.000000 0.000000 0.000000 0.000000 0.000000 0.000000 0.000000 0.000000 0.000000 0.000000 0.000000 0.000000 0.000000 0.000000 0.000000
4267 38 7 0.000000 0.000000 0.000000 0.000000 0.000000 0.000000 0.000000 0.000000 0.000000 0.000000 0.000000 0.000000 0.000000 0.000000 0.000000
4278 38 8 0.000000 0.000000 0.000000 0.000000 0.000000 0.000000 0.000000 0.000000 0.000000 0.000000 0.000000 0.000000 0.000000 0.000000 0.000000
4289 38 9 0.000000 0.000000 0.000000 0.000000 0.000000 0.000000 0.000000 0.000000 0.000000 0.000000 0.000000 0.000000 0.000000 0.000000 0.000000
4300 39 0 0.000000 0.000000 0.000000 0.000000 0.000000 0.000000 0.000000 0.000000 0.000000 0.000000 0.000000 0.000000 0.000000 0.000000 0.000000
4311 39 1 6931.574271 0.000000 0.000000 0.000000 0.000000 0.000000 0.000000 0.000000 0.000000 0.000000 0.000000 0.000000 0.000000 0.000000 0.000000
4322 39 2 0.000000 0.000000 0.000000 0.000000 0.000000 0.000000 0.000000 0.000000 0.000000 0.000000 0.000000 0.000000 0.000000 0.000000 0.000000
4333 39 3 0.000000 0.000000 0.000000 0.000000 0.000000 0.000000 0.000000 0.000000 0.000000 0.000000 0.000000 0.000000 0.000000 0.000000 0.000000
4344 39 4 0.000000 0.000000 0.000000 0.000000 0.000000 0.000000 0.000000 0.000000 0.000000 0.000000 0.000000 0.000000 0.000000 0.000000 0.000000
4355 39 5 0.000000 0.000000 0.000000 0.000000 0.000000 0.000000 0.000000 0.000000 0.000000 0.000000 0.000000 0.000000 0.000000 0.000000 0.000000
4366 39 6 0.000000 0.000000 0.000000 0.000000 0.000000 0.000000 0.000000 0.000000 0.000000 0.000000 0.000000 0.000000 0.000000 0.000000 0.000000
4377 39 7 0.000000 0.000000 0.000000 0.000000 0.000000 0.000000 0.000000 0.000000 0.000000 0.000000 0.000000 0.000000 0.000000 0.000000 0.000000
4388 39 8 0.000000 0.000000 0.000000 0.000000 0.000000 0.000000 0.000000 0.000000 0.000000 0.000000 0.000000 0.000000 0.000000 0.000000 0.000000
4399 39 9 0.000000 0.000000 0.000000 0.000000 0.000000 0.000000 0.000000 0.000000 0.000000 0.000000 0.000000 0.000000 0.000000 0.000000 0.000000
4410 40 0 0.000000 0.000000 0.000000 0.000000 0.000000 0.000000 0.000000 0.000000 0.000000 0.000000 0.000000 0.000000 0.000000 0.000000 0.000000
4421 40 1 0.000000 0.000000 0.000000 0.000000 0.000000 0.000000 0.000000 0.000000 0.000000 0.000000 0.000000 0.000000 0.000000 0.000000 0.000000
4432 40 2 0.000000 0.000000 0.000000 0.000000 0.000000 0.000000 0.000000 0.000000 0.000000 0.000000 0.000000 0.000000 0.000000 0.000000 0.000000
4443 40 3 0.000000 0.000000 0.000000 0.000000 0.000000 0.000000 0.000000 0.000000 0.000000 0.000000 0.000000 0.000000 0.000000 0.000000 0.000000
4454 40 4 0.000000 0.000000 0.000000 0.000000 0.000000 0.000000 0.000000 0.000000 0.000000 0.000000 0.000000 0.000000 0.000000 0.000000 0.000000
4465 40 5 0.000000 0.000000 0.000000 0.000000 0.000000 0.000000 0.000000 0.000000 0.000000 0.000000 0.000000 0.000000 0.000000 0.000000 0.000000
4476 40 6 0.000000 0.000000 0.000000 0.000000 0.000000 0.000000 0.000000 0.000000 0.000000 0.000000 0.000000 0.000000 0.000000 0.000000 0.000000
4487 40 7 0.000000 0.000000 0.000000 0.000000 0.000000 0.000000 0.000000 0.000000 0.000000 0.000000 0.000000 0.000000 0.000000 0.000000 0.000000
4498 40 8 0.000000 0.000000 0.000000 0.000000 0.000000 0.000000 0.000000 0.000000 0.000000 0.000000 0.000000 0.000000 0.000000 0.000000 0.000000
4509 40 9 0.000000 0.000000 0.000000 0.000000 0.000000 0.000000 0.000000 0.000000 0.000000 0.000000 0.000000 0.000000 0.000000 0.000000 0.000000
4520 41 0 0.000000 0.000000 0.000000 0.000000 0.000000 0.000000 0.000000 0.000000 0.000000 0.000000 0.000000 0.000000 0.000000 0.000000 0.000000
4531 41 1 139.115937 0.000000 0.000000 0.000000 0.000000 0.000000 0.000000 0.000000 0.000000 0.000000 0.000000 0.000000 0.000000 0.000000 0.000000
4542 41 2 0.000000 0.000000 0.000000 0.000000 0.000000 0.000000 0.000000 0.000000 0.000000 0.000000 0.000000 0.000000 0.000000 0.000000 0.000000
4553 41 3 0.000000 0.000000 0.000000 0.000000 0.000000 0.000000 0.000000 0.000000 0.000000 0.000000 0.000000 0.000000 0.000000 0.000000 0.000000
4564 41 4 0.000000 0.000000 0.000000 0.000000 0.000000 0.000000 0.000000 0.000000 0.000000 0.000000 0.000000 0.000000 0.000000 0.000000 0.000000
4575 41 5 0.000000 0.000000 0.000000 0.000000 0.000000 0.000000 0.000000 0.000000 0.000000 0.000000 0.000000 0.000000 0.000000 0.000000 0.000000
4586 41 6 0.000000 0.000000 0.000000 0.000000 0.000000 0.000000 0.000000 0.000000 0.000000 0.000000 0.000000 0.000000 0.000000 0.000000 0.000000
4597 41 7 0.000000 0.000000 0.000000 0.000000 0.000000 0.000000 0.000000 0.000000 0.000000 0.000000 0.000000 0.000000 0.000000 0.000000 0.000000
4608 41 8 0.000000 0.000000 0.000000 0.000000 0.000000 0.000000 0.000000 0.000000 0.000000 0.000000 0.000000 0.000000 0.000000 0.000000 0.000000
4619 41 9 0.000000 0.000000 0.000000 0.000000 0.000000 0.000000 0.000000 0.000000 0.000000 0.000000 0.000000 0.000000 0.000000 0.000000 0.000000
4630 42 0 0.000000 0.000000 0.000000 0.000000 0.000000 0.000000 0.000000 0.000000 0.000000 0.000000 0.000000 0.000000 0.000000 0.000000 0.000000
4641 42 1 5358.841327 0.000000 0.000000 0.000000 0.000000 0.000000 0.000000 0.000000 0.000000 0.000000 0.000000 0.000000 0.000000 0.000000 0.000000
4652 42 2 0.000000 0.000000 0.000000 0.000000 0.000000 0.000000 0.000000 0.000000 0.000000 0.000000 0.000000 0.000000 0.000000 0.000000 0.000000
4663 42 3 0.000000 0.000000 0.000000 0.000000 0.000000 0.000000 0.000000 0.000000 0.000000 0.000000 0.000000 0.000000 0.000000 0.000000 0.000000
4674 42 4 0.000000 0.000000 0.000000 0.000000 0.000000 0.000000 0.000000 0.000000 0.000000 0.000000 0.000000 0.000000 0.000000 0.000000 0.000000
4685 42 5 0.000000 0.000000 0.000000 0.000000 0.000000 0.000000 0.000000 0.000000 0.000000 0.000000 0.000000 0.000000 0.000000 0.000000 0.000000
4696 42 6 0.000000 0.000000 0.000000 0.000000 0.000000 0.000000 0.000000 0.000000 0.000000 0.000000 0.000000 0.000000 0.000000 0.000000 0.000000
4707 42 7 0.000000 0.000000 0.000000 0.000000 0.000000 0.000000 0.000000 0.000000 0.000000 0.000000 0.000000 0.000000 0.000000 0.000000 0.000000
4718 42 8 0.000000 0.000000 0.000000 0.000000 0.000000 0.000000 0.000000 0.000000 0.000000 0.000000 0.000000 0.000000 0.000000 0.000000 0.000000
4729 42 9 0.000000 0.000000 0.000000 0.000000 0.000000 0.000000 0.000000 0.000000 0.000000 0.000000 0.000000 0.000000 0.000000 0.000000 0.000000
4740 43 0 0.000000 0.000000 0.000000 0.000000 0.000000 0.000000 0.000000 0.000000 0.000000 0.000000 0.000000 0.000000 0.000000 0.000000 0.000000
4751 43 1 0.000000 0.000000 0.000000 0.000000 0.000000 0.000000 0.000000 0.000000 0.000000 0.000000 0.000000 0.000000 0.000000 0.000000 0.000000
4762 43 2 0.000000 0.000000 0.000000 0.000000 0.000000 0.000000 0.000000 0.000000 0.000000 0.000000 0.000000 0.000000 0.000000 0.000000 0.000000
4773 43 3 0.000000 0.000000 0.000000 0.000000 0.000000 0.000000 0.000000 0.000000 0.000000 0.000000 0.000000 0.000000 0.000000 0.000000 0.000000
4784 43 4 0.000000 0.000000 0.000000 0.000000 0.000000 0.000000 0.000000 0.000000 0.000000 0.000000 0.000000 0.000000 0.000000 0.000000 0.000000
4795 43 5 0.000000 0.000000 0.000000 0.000000 0.000000 0.000000 0.000000 0.000000 0.000000 0.000000 0.000000 0.000000 0.000000 0.000000 0.000000
4806 43 6 0.000000 0.000000 0.000000 0.000000 0.000000 0.000000 0.000000 0.000000 0.000000 0.000000 0.000000 0.000000 0.000000 0.000000 0.000000
4817 43 7 0.000000 0.000000 0.000000 0.000000 0.000000 0.000000 0.000000 0.000000 0.000000 0.000000 0.000000 0.000000 0.000000 0.000000 0.000000
4828 43 8 0.000000 0.000000 0.000000 0.000000 0.000000 0.000000 0.000000 0.000000 0.000000 0.000000 0.000000 0.000000 0.000000 0.000000 0.000000
4839 43 9 0.000000 0.000000 0.000000 0.000000 0.000000 0.000000 0.000000 0.000000 0.000000 0.000000 0.000000 0.000000 0.000000 0.000000 0.000000
4850 44 0 0.000000 0.000000 0.000000 0.000000 0.000000 0.000000 0.000000 0.000000 0.000000 0.000000 0.000000 0.000000 0.000000 0.000000 0.000000
4861 44 1 5097.156090 0.000000 0.000000 0.000000 0.000000 0.000000 0.000000 0.000000 0.000000 0.000000 0.000000 0.000000 0.000000 0.000000 0.000000
4872 44 2 0.000000 0.000000 0.000000 0.000000 0.000000 0.000000 0.000000 0.000000 0.000000 0.000000 0.000000 0.000000 0.000000 0.000000 0.000000
4883 44 3 0.000000 0.000000 0.000000 0.000000 0.000000 0.000000 0.000000 0.000000 0.000000 0.000000 0.000000 0.000000 0.000000 0.000000 0.000000
4894 44 4 0.000000 0.000000 0.000000 0.000000 0.000000 0.000000 0.000000 0.000000 0.000000 0.000000 0.000000 0.000000 0.000000 0.000000 0.000000
4905 44 5 0.000000 0.000000 0.000000 0.000000 0.000000 0.000000 0.000000 0.000000 0.000000 0.000000 0.000000 0.000000 0.000000 0.000000 0.000000
4916 44 6 0.000000 0.000000 0.000000 0.000000 0.000000 0.000000 0.000000 0.000000 0.000000 0.000000 0.000000 0.000000 0.000000 0.000000 0.000000
4927 44 7 0.000000 0.000000 0.000000 0.000000 0.000000 0.000000 0.000000 0.000000 0.000000 0.000000 0.000000 0.000000 0.000000 0.000000 0.000000
4938 44 8 0.000000 0.000000 0.000000 0.000000 0.000000 0.000000 0.000000 0.000000 0.000000 0.000000 0.000000 0.000000 0.000000 0.000000 0.000000
4949 44 9 0.000000 0.000000 0.000000 0.000000 0.000000 0.000000 0.000000 0.000000 0.000000 0.000000 0.000000 0.000000 0.000000 0.000000 0.000000
4960 45 0 0.000000 0.000000 0.000000 0.000000 0.000000 0.000000 0.000000 0.000000 0.000000 0.000000 0.000000 0.000000 0.000000 0.000000 0.000000
4971 45 1 0.000000 0.000000 0.000000 0.000000 0.000000 0.000000 0.000000 0.000000 0.000000 0.000000 0.000000 0.000000 0.000000 0.000000 0.000000
4982 45 2 0.000000 3125.499062 0.000000 0.000000 0.000000 0.000000 0.000000 0.000000 0.000000 0.000000 0.000000 0.000000 0.000000 0.000000 0.000000
4993 45 3 0.000000 0.000000 0.000000 0.000000 0.000000 0.000000 0.000000 0.000000 0.000000 0.000000 0.000000 0.000000 0.000000 0.000000 0.000000
5004 45 4 0.000000 0.000000 0.000000 0.000000 0.000000 0.000000 0.000000 0.000000 0.000000 0.000000 0.000000 0.000000 0.000000 0.000000 0.000000
5015 45 5 0.000000 0.000000 0.000000 0.000000 0.000000 0.000000 0.000000 0.000000 0.000000 0.000000 0.000000 0.000000 0.000000 0.000000 0.000000
5026 45 6 0.000000 0.000000 0.000000 0.000000 0.000000 0.000000 0.000000 0.000000 0.000000 0.000000 0.000000 0.000000 0.000000 0.000000 0.000000
5037 45 7 0.000000 0.000000 0.000000 0.000000 0.000000 0.000000 0.000000 0.000000 0.000000 0.000000 0.000000 0.000000 0.000000 0.000000 0.000000
5048 45 8 0.000000 0.000000 0.000000 0.000000 0.000000 0.000000 0.000000 0.000000 0.000000 0.000000 0.000000 0.000000 0.000000 0.000000 0.000000
5059 45 9 0.000000 0.000000 0.000000 0.000000 0.000000 0.000000 0.000000 0.000000 0.000000 0.000000 0.000000 0.000000 0.000000 0.000000 0.000000
5070 46 0 0.000000 0.000000 0.000000 0.000000 0.000000 0.000000 0.000000 0.000000 0.000000 0.000000 0.000000 0.000000 0.000000 0.000000 0.000000
5081 46 1 0.000000 0.000000 0.000000 0.000000 0.000000 0.000000 0.000000 0.000000 0.000000 0.000000 0.000000 0.000000 0.000000 0.000000 0.000000
5092 46 2 0.000000 3201.025955 0.000000 0.000000 0.000000 0.000000 0.000000 0.000000 0.000000 0.000000 0.000000 0.000000 0.000000 0.000000 0.000000
5103 46 3 0.000000 0.000000 0.000000 0.000000 0.000000 0.000000 0.000000 0.000000 0.000000 0.000000 0.000000 0.000000 0.000000 0.000000 0.000000
5114 46 4 0.000000 0.000000 0.000000 0.000000 0.000000 0.000000 0.000000 0.000000 0.000000 0.000000 0.000000 0.000000 0.000000 0.000000 0.000000
5125 46 5 0.000000 0.000000 0.000000 0.000000 0.000000 0.000000 0.000000 0.000000 0.000000 0.000000 0.000000 0.000000 0.000000 0.000000 0.000000
5136 46 6 0.000000 0.000000 0.000000 0.000000 0.000000 0.000000 0.000000 0.000000 0.000000 0.000000 0.000000 0.000000 0.000000 0.000000 0.000000
5147 46 7 0.000000 0.000000 0.000000 0.000000 0.000000 0.000000 0.000000 0.000000 0.000000 0.000000 0.000000 0.000000 0.000000 0.000000 0.000000
5158 46 8 0.000000 0.000000 0.000000 0.000000 0.000000 0.000000 0.000000 0.000000 0.000000 0.000000 0.000000 0.000000 0.000000 0.000000 0.000000
5169 46 9 0.000000 0.000000 0.000000 0.000000 0.000000 0.000000 0.000000 0.000000 0.000000 0.000000 0.000000 0.000000 0.000000 0.000000 0.000000
5180 47 0 0.000000 0.000000 0.000000 0.000000 0.000000 0.000000 0.000000 0.000000 0.000000 0.000000 0.000000 0.000000 0.000000 0.000000 0.000000
5191 47 1 4768.434530 0.000000 0.000000 0.000000 0.000000 0.000000 0.000000 0.000000 0.000000 0.000000 0.000000 0.000000 0.000000 0.000000 0.000000
5202 47 2 0.000000 106.929333 0.000000 0.000000 0.000000 0.000000 0.000000 0.000000 0.000000 0.000000 0.000000 0.000000 0.000000 0.000000 0.000000
5213 47 3 0.000000 0.000000 0.000000 0.000000 0.000000 0.000000 0.000000 0.000000 0.000000 0.000000 0.000000 0.000000 0.000000 0.000000 0.000000
5224 47 4 0.000000 0.000000 0.000000 0.000000 0.000000 0.000000 0.000000 0.000000 0.000000 0.000000 0.000000 0.000000 0.000000 0.000000 0.000000
5235 47 5 0.000000 0.000000 0.000000 0.000000 0.000000 0.000000 0.000000 0.000000 0.000000 0.000000 0.000000 0.000000 0.000000 0.000000 0.000000
5246 47 6 0.000000 0.000000 0.000000 0.000000 0.000000 0.000000 0.000000 0.000000 0.000000 0.000000 0.000000 0.000000 0.000000 0.000000 0.000000
5257 47 7 0.000000 0.000000 0.000000 0.000000 0.000000 0.000000 0.000000 0.000000 0.000000 0.000000 0.000000 0.000000 0.000000 0.000000 0.000000
5268 47 8 0.000000 0.000000 0.000000 0.000000 0.000000 0.000000 0.000000 0.000000 0.000000 0.000000 0.000000 0.000000 0.000000 0.000000 0.000000
5279 47 9 0.000000 0.000000 0.000000 0.000000 0.000000 0.000000 0.000000 0.000000 0.000000 0.000000 0.000000 0.000000 0.000000 0.000000 0.000000
5290 48 0 0.000000 0.000000 0.000000 0.000000 0.000000 0.000000 0.000000 0.000000 0.000000 0.000000 0.000000 0.000000 0.000000 0.000000 0.000000
5301 48 1 6386.817569 0.000000 0.000000 0.000000 0.000000 0.000000 0.000000 0.000000 0.000000 0.000000 0.000000 0.000000 0.000000 0.000000 0.000000
5312 48 2 0.000000 0.000000 0.000000 0.000000 0.000000 0.000000 0.000000 0.000000 0.000000 0.000000 0.000000 0.000000 0.000000 0.000000 0.000000
5323 48 3 0.000000 0.000000 0.000000 0.000000 0.000000 0.000000 0.000000 0.000000 0.000000 0.000000 0.000000 0.000000 0.000000 0.000000 0.000000
5334 48 4 0.000000 0.000000 0.000000 0.000000 0.000000 0.000000 0.000000 0.000000 0.000000 0.000000 0.000000 0.000000 0.000000 0.000000 0.000000
5345 48 5 0.000000 0.000000 0.000000 0.000000 0.000000 0.000000 0.000000 0.000000 0.000000 0.000000 0.000000 0.000000 0.000000 0.000000 0.000000
5356 48 6 0.000000 0.000000 0.000000 0.000000 0.000000 0.000000 0.000000 0.000000 0.000000 0.000000 0.000000 0.000000 0.000000 0.000000 0.000000
5367 48 7 0.000000 0.000000 0.000000 0.000000 0.000000 0.000000 0.000000 0.000000 0.000000 0.000000 0.000000 0.000000 0.000000 0.000000 0.000000
5378 48 8 0.000000 0.000000 0.000000 0.000000 0.000000 0.000000 0.000000 0.000000 0.000000 0.000000 0.000000 0.000000 0.000000 0.000000 0.000000
5389 48 9 0.000000 0.000000 0.000000 0.000000 0.000000 0.000000 0.000000 0.000000 0.000000 0.000000 0.000000 0.000000 0.000000 0.000000 0.000000
5400 49 0 0.000000 0.000000 0.000000 0.000000 0.000000 0.000000 0.000000 0.000000 0.000000 0.000000 0.000000 0.000000 0.000000 0.000000 0.000000
5411 49 1 0.000000 0.000000 0.000000 0.000000 0.000000 0.000000 0.000000 0.000000 0.000000 0.000000 0.000000 0.000000 0.000000 0.000000 0.000000
5422 49 2 0.000000 0.000000 0.000000 0.000000 0.000000 0.000000 0.000000 0.000000 0.000000 0.000000 0.000000 0.000000 0.000000 0.000000 0.000000
5433 49 3 0.000000 0.000000 0.000000 0.000000 0.000000 0.000000 0.000000 0.000000 0.000000 0.000000 0.000000 0.000000 0.000000 0.000000 0.000000
5444 49 4 0.000000 0.000000 0.000000 0.000000 0.000000 0.000000 0.000000 0.000000 0.000000 0.000000 0.000000 0.000000 0.000000 0.000000 0.000000
5455 49 5 0.000000 0.000000 0.000000 0.000000 0.000000 0.000000 0.000000 0.000000 0.000000 0.000000 0.000000 0.000000 0.000000 0.000000 0.000000
5466 49 6 0.000000 0.000000 0.000000 0.000000 0.000000 0.000000 0.000000 0.000000 0.000000 0.000000 0.000000 0.000000 0.000000 0.000000 0.000000
5477 49 7 0.000000 0.000000 0.000000 0.000000 0.000000 0.000000 0.000000 0.000000 0.000000 0.000000 0.000000 0.000000 0.000000 0.000000 0.000000
5488 49 8 0.000000 0.000000 0.000000 0.000000 0.000000 0.000000 0.000000 0.000000 0.000000 0.000000 0.000000 0.000000 0.000000 0.000000 0.000000
5499 49 9 0.000000 0.000000 0.000000 0.000000 0.000000 0.000000 0.000000 0.000000 0.000000 0.000000 0.000000 0.000000 0.000000 0.000000 0.000000
5510 50 0 0.000000 0.000000 0.000000 0.000000 0.000000 0.000000 0.000000 0.000000 0.000000 0.000000 0.000000 0.000000 0.000000 0.000000 0.000000
5521 50 1 594.094929 0.000000 0.000000 0.000000 0.000000 0.000000 0.000000 0.000000 0.000000 0.000000 0.000000 0.000000 0.000000 0.000000 0.000000
5532 50 2 0.000000 741.056134 0.000000 0.000000 0.000000 0.000000 0.000000 0.000000 0.000000 0.000000 0.000000 0.000000 0.000000 0.000000 0.000000
5543 50 3 0.000000 0.000000 0.000000 0.000000 0.000000 0.000000 0.000000 0.000000 0.000000 0.000000 0.000000 0.000000 0.000000 0.000000 0.000000
5554 50 4 0.000000 0.000000 0.000000 0.000000 0.000000 0.000000 0.000000 0.000000 0.000000 0.000000 0.000000 0.000000 0.000000 0.000000 0.000000
5565 50 5 0.000000 0.000000 0.000000 0.000000 0.000000 0.000000 0.000000 0.000000 0.000000 0.000000 0.000000 0.000000 0.000000 0.000000 0.000000
5576 50 6 0.000000 0.000000 0.000000 0.000000 0.000000 0.000000 0.000000 0.000000 0.000000 0.000000 0.000000 0.000000 0.000000 0.000000 0.000000
5587 50 7 0.000000 0.000000 0.000000 0.000000 0.000000 0.000000 0.000000 0.000000 0.000000 0.000000 0.000000 0.000000 0.000000 0.000000 0.000000
5598 50 8 0.000000 0.000000 0.000000 0.000000 0.000000 0.000000 0.000000 0.000000 0.000000 0.000000 0.000000 0.000000 0.000000 0.000000 0.000000
5609 50 9 0.000000 0.000000 0.000000 0.000000 0.000000 0.000000 0.000000 0.000000 0.000000 0.000000 0.000000 0.000000 0.000000 0.000000 0.000000