# Format <LP ID> <Group ID> <Router ID> <Link traffic per router port(s)># Router ports in the order: 10 local channels, 5 global channels 

10 0 0 0 149917240 39496148 35841892 3038776 11127448 4331116 25312564 12511468 25777980 19593824 23234252 26810192 19486916 19467072
21 0 1 142593704 0 185888552 82265240 52585748 25312968 67112768 80862284 26746504 32192544 237098908 28333116 32919904 1669752 1660584
32 0 2 46784376 149365228 0 94782192 46238412 61902380 18811256 26572720 21706928 96852480 119797080 45889772 31626756 14127660 14299772
43 0 3 46220060 78175040 82540600 0 91496120 63067464 71308024 18172400 28505156 53778152 55689744 30966104 14090132 12150252 12190220
54 0 4 10272312 60633448 44762480 90144832 0 153473456 50740276 24828380 26730276 30531580 42559280 49761168 16932224 16911684 16769072
65 0 5 9511236 32136956 57600520 55956476 152691748 0 176217872 21156924 50574964 34995300 81889524 48218436 12346248 12232924 12365452
76 0 6 18584912 62936056 23053648 58235984 64192104 179698016 0 92418636 31295576 47164560 38667924 31142636 15301712 15269720 15213328
87 0 7 23435580 72348676 26969204 14835452 17131192 21805276 105835964 0 102620356 90270636 40488232 38037416 8692120 8574872 8767644
98 0 8 15600400 27185056 27805948 20385624 22848012 44464156 36525260 91190764 0 67010288 42078972 44489528 15319708 15276280 15363248
109 0 9 21508188 43742844 82713940 56452308 32091800 38812436 34223512 81231036 60987172 0 32024252 38261700 14873028 14914688 14778880
120 1 0 0 129963760 86046328 90725272 54401900 79013568 52460684 54012932 92550952 80326472 214177888 43167428 41907496 21528244 21524180
131 1 1 112118100 0 131155032 99974864 22372860 27816092 74356128 59538344 22935472 32377020 28245884 97852912 31197552 28378252 28422708
142 1 2 88058428 130115432 0 186716972 57519068 34628552 49382332 66289168 39782080 75813108 229518664 40136356 30032808 12617920 12574100
153 1 3 83120624 104955208 172416912 0 141397080 40168072 48016272 39184016 34373200 44057528 120611048 44546340 31042752 29203248 29232656
164 1 4 66474100 29741340 54673152 118833908 0 125627648 48413500 32244512 61268992 73706260 81767516 54207048 27934332 27861740 28023812
175 1 5 90241048 27921844 52268164 35989360 127183988 0 128411520 71159460 47382944 47377580 75422412 55587108 24356208 24479956 24354252
186 1 6 38648220 69158844 53428856 31427580 53903868 133330072 0 122617296 27685168 54517892 126776892 43249476 24250736 24311816 24358160
197 1 7 38524688 51808224 43937352 31810496 28160540 73466908 112614552 0 48255736 41750564 63018584 59832284 32594140 32840772 32928840
208 1 8 72914416 31872172 41048324 42489772 52836260 54389112 31494344 43030352 0 174993716 52539404 57456880 31570296 31090404 31565336
219 1 9 74114440 38539240 55416904 48129316 62296780 49133304 62616064 43300872 165391532 0 45985004 52727312 33752768 33806348 33706740
230 2 0 0 173160860 60735208 53365880 70427856 64859584 41427260 77747160 63402128 81963492 107225280 65314616 58713364 34236112 34254772
241 2 1 208826212 0 144057132 74235360 60961228 57753844 64718372 58457736 33159312 34099892 223212576 56598620 48833308 22622648 22591416
252 2 2 47043948 133220752 0 147214480 74366680 59559812 37884944 75170696 60357448 27306744 27367796 154460312 29248400 27116496 27182632
263 2 3 42083880 77520380 142548924 0 170676156 37029144 41723816 42383276 30509548 104668824 88435332 41029320 28660888 26720508 26645916
274 2 4 66311372 69008208 76064884 173376664 0 113063752 34477824 73831872 38942784 33271004 123665880 59645656 29627756 29673616 29731476
285 2 5 53552196 79114848 87482136 32518700 103758640 0 103158008 105472480 48159700 51732704 107370828 60955400 28040572 28102664 28058976
296 2 6 40471400 60660688 55961272 52417656 42092840 114815448 0 83190316 64721640 34240736 54504580 46110660 31795592 31776920 31545748
307 2 7 74251200 56208848 64038032 50755524 70742636 104104720 100398656 0 153843268 43678372 147519512 50194688 24685792 24874824 24754772
318 2 8 50513924 29805340 54796688 32720328 47688468 62976836 76534248 117274668 0 114990476 50011220 54169104 27410820 27350552 27365760
329 2 9 75980152 53262468 50005616 60303752 55413120 51807064 52688180 47790556 99387840 0 52636228 56109788 36381664 36393356 36247992
340 3 0 0 176223460 63024304 37161740 26037744 40344544 37881016 29702176 30506380 43152168 76555568 49679284 46952144 22967756 22755940
351 3 1 184535764 0 158855944 18771852 76069604 48958464 45277764 54671416 81373788 33483776 125213000 47651616 39886984 15339172 15387644
362 3 2 55062652 149371800 0 98708776 60712332 46997176 22708308 24981456 31784940 15339884 145359128 49914928 35329412 20070832 20055764
373 3 3 50054456 9954116 113290428 0 107900288 64349748 10453892 4036044 10107788 45134364 21932060 22429124 22102344 22094540 22019684
384 3 4 25840948 74154660 66573616 122862900 0 183548208 21262688 31752288 32990712 72754712 197461676 37935048 13087624 13159528 13154588
395 3 5 39541276 48022388 53323220 76950192 136762964 0 41677672 27913688 80222820 52457096 149063240 53695884 22798840 22850120 22903880
406 3 6 50150244 57600352 34467248 13314212 22653132 41602564 0 152390716 57045956 61765812 45129536 35472132 14029932 14030128 14021384
417 3 7 33331780 56934576 27743024 15257528 33534044 28014720 160290104 0 147014208 82550904 44149936 34968008 17601136 17518064 17596936
428 3 8 35479224 67952508 42121504 25858740 46164200 66651868 56624732 150581792 0 125747876 80263164 39783356 19013532 18918312 19040072
439 3 9 49366004 38544868 30623132 49080520 62641108 57646028 54273900 70491468 100528920 0 36904368 43227312 20041572 19986876 20040532
450 4 0 0 178664008 54974388 53709420 29521004 36350252 35641120 32669636 42413664 67105828 46090272 53439860 54339360 28634928 28761456
461 4 1 165363328 0 198905120 62351744 44682920 35856888 39717448 28455576 31701804 42757444 110968404 55467892 49571924 24503292 24552620
472 4 2 59300092 215946920 0 105938044 27278736 84076324 54798416 43353124 37525984 55584820 115295816 56945092 41875476 23684284 23652464
483 4 3 75804888 90415016 122059476 0 111338984 94793568 49128612 45944744 35781244 47809912 197686872 29836816 13347396 11399752 11444368
494 4 4 25770976 49098052 35578024 89117348 0 101162160 90181196 58105656 37084516 46786924 23459744 124347924 23322556 23308832 23420972
505 4 5 42280068 33078640 79759200 86795156 97436860 0 150449440 28127556 52978292 59713200 211121552 46641928 15381872 15365868 15316020
516 4 6 27239860 33061900 47709944 62940236 99179928 122173504 0 99733344 30682656 74513548 74375152 46181100 24064916 24306308 24055660
527 4 7 22133788 21735908 34185332 67684304 66908372 38627348 103277812 0 137720896 86350896 59132488 50461668 24218796 24365772 24309016
538 4 8 20128880 24365676 23634424 42882608 38436744 63608100 45053884 126237760 0 151964952 65644612 51412768 26487136 26705364 26540968
549 4 9 71638364 49704220 66903828 42789572 69616508 69937892 65066240 82769244 152007148 0 113673880 49584292 25024588 24786864 24893260
560 5 0 0 168233072 79302940 106730236 85997536 48539776 66000228 69881364 60913272 81284648 75264700 156239216 46130192 22777468 22801540
571 5 1 163872828 0 163337956 102336112 69598020 39936012 41241516 38641848 35551552 52265388 70364672 50268748 46420668 25123396 24980296
582 5 2 94621008 155111996 0 132536512 65907224 67073376 43362916 45352568 33048588 42101764 108863976 50167896 43056408 25396336 25457216
593 5 3 88533300 126490152 128838924 0 53268280 62316032 58022904 40841724 36134580 39667372 106239752 51626940 31861972 29986428 29954032
604 5 4 138084624 75704320 47061084 47415568 0 170340980 78150856 35502908 33193340 45061704 172529304 67602352 27164216 27219596 27207700
615 5 5 47618908 24980356 79500196 39184664 155172536 0 157287836 74059200 16463372 16234644 23823068 121042708 23819976 23860864 23798388
626 5 6 70773916 29776228 56081888 72566616 77755504 126418696 0 112253540 84627552 111305448 147812500 46521232 22579132 22493100 22490028
637 5 7 43603936 18643872 36272720 24778788 27282112 75277540 93057548 0 87612200 72266612 97733976 54774784 27300836 27371656 27364152
648 5 8 47450668 27284840 30420016 35312152 31826780 26226808 60732152 97381608 0 166688676 61223656 56332408 31036776 30946116 31081884
659 5 9 60687892 54521332 47248860 39819376 44834184 39914148 84126924 54152948 153577852 0 49258592 55026152 32733972 32624260 32655592
670 6 0 0 109840568 42595296 79367804 56390756 81255812 45894016 71842228 50402524 55002728 36597428 52163560 44876572 22987584 22939300
681 6 1 145356300 0 93946644 117462852 33347092 39945028 21705160 35042616 39762976 29863316 95006048 43660036 43646076 16842172 16917100
692 6 2 36959488 112219040 0 67613680 75641816 44837544 10358192 26851280 69896720 43037500 45111008 41629872 30781132 18970176 18710728
703 6 3 71585708 100315580 61055824 0 127133240 37979720 21616960 58101964 55591332 39749624 54491988 38429792 21345088 21161424 21121112
714 6 4 46633068 46628360 66969236 145883556 0 95809792 21999372 68152440 54161848 44421972 43517068 45164228 20985260 21187632 21311288
725 6 5 82427556 25920016 28916344 32346948 115523724 0 107132748 88027968 51947452 21650944 182554308 44435604 16897892 16817336 16749964
736 6 6 39943416 10179656 5523624 10598628 13482256 119003668 0 124712812 6832840 43479368 20347288 23041456 20437848 20417188 20386260
747 6 7 82232752 45593232 21655488 33356816 35011660 81138544 149021076 0 140160680 65233340 218585704 33771776 8807556 8834976 8812484
758 6 8 28441704 39175328 68821168 44834308 48830596 56512096 19392756 140588004 0 138520956 160828916 41768464 19703508 19882664 19978452
769 6 9 46177232 32664412 42782048 38605760 43135008 22210440 48505820 59340540 143663764 0 66176380 50183908 26890832 27008720 26863856
780 7 0 0 136613256 56790912 41296864 48847372 51704152 100004332 79262852 99211880 101410356 48652452 132055268 56634684 31312648 31360108
791 7 1 162556752 0 53327376 29593988 38996232 34386204 41320060 33901404 47834908 58611356 53357124 59030076 60307048 33289116 33020584
802 7 2 46167764 65784628 0 151348772 61779040 74115024 62134668 39929816 35314072 44943844 160459368 57231868 45425012 31902668 31675188
813 7 3 31171020 26497960 160471332 0 126590064 64533440 74855884 17826168 24838044 75236596 52246916 43489168 26938328 26893672 26811672
824 7 4 45807796 37940648 75258096 130956556 0 93581244 38588884 79010008 52155416 53280316 62908844 53382960 32113476 32362668 32312840
835 7 5 54485844 25208940 88437300 72492212 108737732 0 97208132 75691720 81247832 46651512 58222904 59907988 27801580 27722760 27767096
846 7 6 125780060 62744296 76621164 79761144 39529392 128665552 0 141032112 78441416 64338924 190273540 40466164 18455968 18342444 18434320
857 7 7 41693192 19578396 33353604 14274388 92290920 62210664 138128312 0 181943756 34534184 25232040 119002832 25319404 25192988 25215472
868 7 8 90744340 68892292 45929456 31048084 48759012 79143780 87789080 180809848 0 189398404 175609396 46465724 23188284 23019120 23203272
879 7 9 100314008 63268836 56019124 73220484 51588760 45340360 70247368 57741880 121147380 0 116580232 53128184 34495532 34810212 34874536
890 8 0 0 80814420 66388004 65148824 30892968 48496892 69554928 44963256 60737524 69436316 35592276 174084632 46526504 19284240 19354236
901 8 1 84785092 0 123311064 35412728 59161980 43231480 45400828 45980880 61159960 33089556 56253888 89901272 49583900 24753272 24754396
912 8 2 73441612 138631932 0 88229636 33470352 64873316 26660944 46325080 62919464 34388044 47606720 45663932 35499316 20845396 20785580
923 8 3 90418640 28279044 89177556 0 131637460 78856876 34586820 67222676 58724688 19069552 118888220 36692580 20836892 20889328 20906028
934 8 4 50594224 60638216 37320320 139985340 0 146342036 38210376 41583832 48597284 38228360 53633004 52726256 28198920 28378504 28401620
945 8 5 53144952 51845580 56361988 88093996 158535772 0 114704108 37971500 51747768 31711712 60198380 55632824 25226984 25187304 25193800
956 8 6 45351912 54675228 30055648 51651624 30996780 123855036 0 138302360 88722228 59931476 142806220 43439380 23659992 23745160 23662240
967 8 7 34279028 73999588 55900900 73412116 51084420 37664780 139089136 0 116159132 113415784 240948824 24692168 4695524 4686652 4783288
978 8 8 54860852 53281156 57062200 66378388 57619456 54914880 81711668 114043808 0 114524504 17863736 163008480 17781444 17958768 17723180
989 8 9 51987344 48875496 41521140 40912020 33439504 38631172 68889528 130096968 151029944 0 119191548 49721348 27028704 26926432 26849688
1000 9 0 0 169797824 105263404 45966300 58074448 32565384 34282152 32104520 51489632 41175412 22411408 232017348 36770776 5591000 5550896
1011 9 1 174237264 0 139119360 67175780 23664804 16047628 24529964 55477420 33418624 43325088 39692984 93576564 40996248 11470292 11445964
1022 9 2 78356484 145276840 0 94553800 53527756 44308896 39270152 37813352 49056600 63598344 55677336 43019596 31631052 16120452 15999012
1033 9 3 37889476 58376336 89083396 0 88979916 48823984 56995812 17045140 43320748 42461596 32273952 29314900 11573072 9716108 9698108
1044 9 4 48479068 25576648 55593596 98236204 0 157057524 60601416 45166724 39450560 16786508 116309388 40036572 12282888 12299664 12425200
1055 9 5 39654908 19563620 28150716 49653212 152967200 0 177672280 45941136 44272632 38616296 46687480 52464824 15075476 15126736 15072912
1066 9 6 53992280 28024436 25168236 31065712 54948208 182412260 0 97232844 33978568 60868924 89873188 37329584 14573172 14451552 14491624
1077 9 7 52164832 51856380 27528816 7247468 50513964 32253252 132263444 0 103015460 86801464 91448248 44706064 9631488 9692416 9629092
1088 9 8 47514616 19939440 35356336 25429564 29835012 41800788 22187380 89487400 0 54472028 207665512 40546564 8487344 8418704 8424504
1099 9 9 44939784 59754236 52970984 40919920 21310940 46536572 50104976 73389368 49556284 0 13765620 18399568 13871008 13724060 13644728
1110 10 0 0 104354344 50917116 62047964 58330112 49916060 68572912 76350284 55104268 56625744 30332264 25645784 178522912 25753428 25681868
1121 10 1 141374380 0 148083800 79924444 50557476 61083872 40555432 82926516 99781940 65547124 49290016 193868808 45399544 14030564 14015488
1132 10 2 56916332 150219780 0 141967824 36840868 64423708 24999080 62154708 68037636 44212320 62814284 91255744 46383964 29608684 29804720
1143 10 3 58929320 96261196 150480780 0 113805588 54045448 49674488 61635672 48461224 58386352 46461640 46450068 29847484 27868284 28039712
1154 10 4 65685360 69199888 48977588 123486360 0 130367328 45465624 49796880 28599428 60243400 51250928 60199152 28224880 28254548 28167368
1165 10 5 43951984 65547620 72133520 43805664 164203788 0 165867040 66603884 33590224 71826932 150470616 61805588 25967080 26040712 25816836
1176 10 6 63583636 40055648 28873628 63515868 63844508 145632396 0 133983652 36688348 40724180 53224872 44041088 28108408 28051292 28209308
1187 10 7 62681308 73959776 58120660 64319552 49311820 75522532 115848916 0 45148524 41400128 164999592 59143028 29414608 29378712 29379012
1198 10 8 58229296 93233192 81458656 41527740 42797432 38163284 41683320 48194024 0 208449316 142209536 58941560 26860496 26901056 26790972
1209 10 9 110217140 76416436 49096776 57807052 69142496 79474120 37685220 44325396 216546292 0 166398744 43741160 25077480 25170632 25176704
1220 11 0 0 124782216 70096724 84940632 46909508 47090004 48740752 47614560 73205756 61056784 43317004 173270516 79017652 26532232 26413752
1231 11 1 106089952 0 106061312 59112716 85440692 64898736 57751404 24273028 27371616 54822028 98625252 17452548 99463388 17471520 17422084
1242 11 2 102005660 95304564 0 152186680 43415168 24973684 42317328 65453292 70692464 101989368 74853592 201339388 34187112 16764928 16754092
1253 11 3 84189188 79044052 147634904 0 176307508 21943972 21024940 18665364 36477892 35312432 41382588 108525680 23690716 21883588 21741840
1264 11 4 49090100 82636828 65358196 177652172 0 88851812 26613356 23348208 33155384 67811488 49130712 73333384 27032416 27157076 27014056
1275 11 5 47785348 69722192 29288860 18078860 90444288 0 84312796 82585224 41685420 43253764 50542948 58285500 27276036 27110584 27124832
1286 11 6 42558308 58838916 63753328 23213688 27231552 92142004 0 62264808 74629464 64064436 46334020 44640508 25511996 25548252 25472416
1297 11 7 43449976 25907968 56633920 35556904 22945356 72067564 63054308 0 130244724 39562372 57765044 54490792 27403368 27437552 27385132
1308 11 8 76093040 33071340 74344640 56142416 31914096 52823660 72705300 118409160 0 106402204 70685084 48320468 22745632 22832200 22643168
1319 11 9 70267688 62448216 103889000 46437280 62445172 53072344 82348196 49291652 107389436 0 79730772 44467856 25675688 25582316 25696808
1330 12 0 0 195238172 54402852 48975192 55248392 46294164 62990896 39540784 49840004 61625480 44477844 59058068 61020488 31601688 31467744
1341 12 1 206942160 0 135885044 67100780 99879536 36785404 51384552 44725072 50478044 56457576 53665644 176342060 49384244 23232744 23157172
1352 12 2 37072964 129040372 0 139633084 65790364 22659332 86347280 46329944 40423100 23479312 139142100 21992880 22785320 21934572 21707140
1363 12 3 48618724 67151136 161202852 0 164222364 111701112 56799416 58886824 37857736 59914080 34984340 135592032 20638648 18909284 18877924
1374 12 4 70571460 96584712 69607976 135018864 0 128510260 33849324 53123108 65218740 48998716 45912164 188646992 22490044 22209092 22397960
1385 12 5 45141240 32462432 21162340 87248628 124882072 0 55456536 73448632 71962136 52314556 63930652 139877404 29706156 29630768 29740368
1396 12 6 56461652 51121336 76779164 66326504 33541624 65368888 0 154398980 54861872 40211756 55080676 44169388 30956916 31196680 31155608
1407 12 7 39010864 37816144 51200080 43434128 49067380 81406080 172166748 0 150705588 97364392 45236752 144387200 20252856 20176492 20134256
1418 12 8 30828336 61424412 51635724 34597088 80235056 66537028 63690252 128075148 0 111369516 49074960 49686360 23017784 22925656 22912716
1429 12 9 61733740 43054940 37576456 51691040 49219488 47242724 42038756 67557204 96580664 0 56896208 52121800 32504520 32559684 32316668
1440 13 0 0 171490276 65314604 61284668 47886252 36918412 47448124 65389548 29993468 50733668 34418692 51083816 43135712 19306612 19226220
1451 13 1 228650396 0 192804576 11504908 42065160 21961652 13907360 33440964 15756372 11821852 49299872 55140388 40543832 16230252 16203156
1462 13 2 71449736 195668176 0 101845376 34458512 41490148 26580076 27964732 57078916 18089864 38323552 182709916 26525248 11043008 11124480
1473 13 3 58354832 19041444 84390980 0 87519576 87390364 24093176 12448144 15130656 33863332 17661828 15303548 15315844 15319560 15293648
1484 13 4 54338804 42277140 62711008 79408060 0 82132660 70179444 48399456 41023208 77001000 40987864 164559512 15267080 15191188 15231072
1495 13 5 28854724 33669952 50349920 103007376 103234468 0 125156696 21619080 18465756 30954068 42804320 84919416 17416456 17475528 17273840
1506 13 6 30558300 19663964 30255260 27023076 87697384 126168928 0 90847072 26176808 36472384 39680660 61718900 15958004 15998628 16047356
1517 13 7 40139712 27903812 46121692 19781092 53631984 24249036 100784256 0 132694992 92195312 42017504 31842900 15304524 15346648 15387536
1528 13 8 24262752 11975588 46723364 19467052 31595300 20711784 24453324 139493496 0 165032380 35625264 56433000 16261176 16208760 16247144
1539 13 9 39385596 23692500 32423556 31721644 79661816 28471396 32904628 85371360 151206760 0 35296600 40303844 18395136 18468136 18523164
1550 14 0 0 144587740 68400796 96158424 43407744 42659964 53791896 45826208 60040472 59472468 45323908 55013516 54884068 30205024 30285752
1561 14 1 158002292 0 166493292 96073292 47466732 37393244 65677296 37177212 42253592 53784536 54135732 82506352 50594940 25900376 26079436
1572 14 2 104742728 196125884 0 137375912 34611824 46673520 74289788 42828856 32652468 47940264 55795536 162193236 40946836 22736460 22696548
1583 14 3 109962012 96632208 152961164 0 22762928 21796848 39392012 26095844 40051148 53842164 50563000 141960880 29969300 28164368 28020428
1594 14 4 25617800 39407552 36927316 32369972 0 157614416 40903916 55650912 51971816 25514844 111638736 30333948 30486392 30378548 30413688
1605 14 5 48989700 34273372 55704636 29382796 157293052 0 176328220 102973212 88620480 75829848 62290680 190371172 20195536 20110840 20160076
1616 14 6 44263072 64607056 98362308 55543488 53959684 145218712 0 107396696 31223312 63850972 49870444 141905240 23745796 23682008 23657556
1627 14 7 30773360 20879168 27485272 18816056 80532708 93984704 106365020 0 98175852 77512752 56551792 53281548 25794372 25608392 25685444
1638 14 8 50556268 33660448 29055820 34203056 54740760 97547356 42756444 98317948 0 166603604 59193452 71906376 29084684 29045520 29187808
1649 14 9 48035372 62492404 45417284 49492116 36235252 85993276 60819616 61355096 160918676 0 46494720 124258924 28487144 28453708 28362936
1660 15 0 0 104000104 79864628 70296824 117159068 59736412 90771300 74263504 63522872 78254432 45718864 55412276 195957324 30269636 30216700
1671 15 1 137940672 0 109601880 89887564 72840424 68496596 52829036 49610832 36898424 51138216 57932872 57913812 50131264 28867812 29126348
1682 15 2 77800804 136759680 0 94853540 86079880 75112276 30245228 44419528 35655728 56988304 63961120 126752588 50700280 32888600 33012904
1693 15 3 55777716 93295392 100336112 0 141086180 37214196 74980820 38306488 53771420 58103512 53988084 91827848 33032808 31074488 31162996
1704 15 4 125126984 73831608 80857780 145751192 0 105373808 68516892 72088312 47762548 64108644 37444196 199367832 17020496 16957388 16922532
1715 15 5 50759072 62291044 101285696 26125628 95003088 0 134533260 74889128 20025108 25477968 128087196 29671916 29437276 29429368 29534412
1726 15 6 96164420 38849988 18292468 78576760 54414736 130325380 0 157170196 49362520 112843024 42420444 210962656 17497056 17520408 17510980
1737 15 7 59861864 50286156 35618556 23523048 51966912 80734316 153426652 0 156823264 46576468 59369888 130464812 34027840 34101020 34124504
1748 15 8 51960876 42281656 38700468 62135512 53303324 36432912 35021224 118059636 0 145814312 61748964 61954492 34152776 34118832 34096504
1759 15 9 75771568 62029808 50427172 66928424 69125192 50220644 66713288 62186940 142000100 0 56074164 60908144 38307260 38158068 38072276
1770 16 0 0 124528080 35497180 47911420 36438472 57932308 44677680 27353932 33166512 45530692 38132584 54915864 45897400 24657556 24520356
1781 16 1 146267632 0 41621860 39594780 41616520 37545836 48922916 66211684 44723468 35419888 48699568 47722364 118543896 19288040 19334132
1792 16 2 39004836 55092276 0 153301400 46371988 53313612 27612280 30664836 25116860 47040424 52731240 53210392 38195708 26266580 26206796
1803 16 3 64936904 41556788 158939576 0 116605012 81266904 18757436 14014308 23109412 81420208 38155060 76333636 15860712 15717796 15865192
1814 16 4 35930120 53067456 63913956 134433664 0 121835956 37565948 51534012 34628944 33153436 42348216 134551396 17250260 17324572 17261948
1825 16 5 68777116 31611256 61251328 94556368 102362320 0 143676880 70954016 30485300 41557228 35350820 215702640 11419640 11429840 11425616
1836 16 6 37859720 59633736 28065236 25570864 46252880 107073952 0 141208936 58152064 59525656 21916140 18573548 18539112 18553060 18554680
1847 16 7 27305204 62724152 31832640 15615536 47754984 64925612 154302712 0 184264144 77425824 45486920 145418140 12870952 12872584 12908336
1858 16 8 24087272 49353168 22813632 21048444 34516288 23938276 57243448 182648880 0 111211344 44398572 59349968 18772916 18495656 18675020
1869 16 9 45792392 47166760 51284740 54387848 32144712 61915664 62073852 80330196 95539668 0 38026652 51901264 23688460 23784040 23781992
1880 17 0 0 90801920 64847252 43345320 43018492 76918692 77176132 69925640 79100320 87371240 44400752 50200696 141443956 27736632 27412220
1891 17 1 99533188 0 140298192 35897852 35787084 34035204 81415836 33761224 35408684 38624288 48144208 56087404 68633352 28710784 28889164
1902 17 2 88717272 148340884 0 112128604 35803088 38715188 52973024 35672548 34940912 23565528 49658548 169817856 69429308 18874400 18963392
1913 17 3 36268308 25247596 97904076 0 117806900 82291640 57146568 49675792 49871284 21029232 50271720 43979620 27420232 27548280 27652992
1924 17 4 37484184 32355368 42848544 133054660 0 140418716 31611660 61169268 49797680 37835592 50873556 58327852 29053136 28867740 29016252
1935 17 5 74299316 30428520 51716912 77523316 169170952 0 135385064 28169672 105140580 42601360 47438800 88585592 23039512 23090200 22969748
1946 17 6 79764892 92254552 60421368 67726728 38822416 123764324 0 116108704 79662332 56145452 30002996 147897484 14231848 14355364 14126488
1957 17 7 48823652 23282344 39530476 42322260 83075936 27034880 139149376 0 123648992 71625420 116693452 18684320 18779884 18744364 18768828
1968 17 8 54501864 33560888 51745036 49277668 45727060 93403044 78490012 152822312 0 151345248 46109244 177508196 20895168 20914676 20841144
1979 17 9 64558628 42268160 32001816 36415336 37996188 38591068 50226388 79421788 169641848 0 43901832 121469592 29110844 29073012 28963824
1990 18 0 0 157342720 54906824 49036996 64542144 44867216 30096204 67131024 62673604 49972640 38995516 50740032 114709056 22657904 22697656
2001 18 1 182176756 0 138359128 65989252 55294304 31828224 52541660 43200720 48003648 16541164 48307560 45667888 89172388 19105648 19120720
2012 18 2 45997908 144063416 0 84570344 32279548 50685216 26752224 62854800 35385420 72223712 48548824 45538884 35810684 21478560 21377216
2023 18 3 54214472 62304532 85740308 0 92565676 49196756 54236720 62435988 44555380 56022220 32290460 82248440 13878668 13746280 13814044
2034 18 4 54827428 47776004 34389160 99953540 0 154413912 51030216 55849904 73989200 60121688 48122256 60597108 23329960 23392716 23448196
2045 18 5 49030316 27326268 55402508 54130380 159443424 0 170177064 48446796 26874016 41620360 49367060 62131376 20675164 20480408 20720716
2056 18 6 32103372 45626944 24819604 47081084 52545944 194970920 0 102133628 30319760 56779284 43668908 41913296 22036828 22001332 22187688
2067 18 7 55644008 37663176 54327020 57931088 39041520 40124140 117234908 0 123220396 111270620 47911816 195026032 17061864 17045304 17088520
2078 18 8 82788900 51516780 27358144 43119236 78174744 29177560 34560368 97368284 0 81707568 169091644 19708424 19835004 19696644 19694604
2089 18 9 52494796 30053140 63633952 65162708 46922988 36043732 40779936 120224888 131348676 0 29762496 220967392 16650924 16668744 16636436
2100 19 0 0 116588240 42024632 71891836 48545264 33154628 61370896 58549760 93708104 91274056 34392872 50496324 158469324 17506084 17577684
2111 19 1 125639228 0 158638996 92493892 63664532 24054324 26545824 41079600 80297172 31075352 45800124 50167708 117879412 17475552 17482912
2122 19 2 49043620 163265724 0 138999412 50326012 24562908 18087048 44531748 77865704 44303684 54649020 48923848 69555716 19575084 19534420
2133 19 3 84946728 107945552 154015740 0 124987564 20555004 23487440 15127632 26712000 45745924 37846660 34645920 17846708 15675180 15743956
2144 19 4 53406036 76516944 53688676 136258984 0 119717808 51360088 19762836 55941348 37469916 47327420 112196592 20924880 20903032 20948972
2155 19 5 41970532 30366620 30429816 27081884 135019956 0 121471708 66138908 80198040 39397452 52940404 60869356 22175732 22212120 22265036
2166 19 6 71897820 24248564 12070652 15544532 54433400 136825972 0 112511888 29685500 49275368 40246920 47034164 17092288 17055328 17035160
2177 19 7 41290504 30393612 44568656 12202780 12745656 72383032 125886152 0 40519312 21900612 63394308 127941172 20641284 20593852 20548220
2188 19 8 73526296 71949896 61838316 27957868 95209988 111105048 25448192 39253992 0 181079532 35545252 223338088 7489340 7488184 7446700
2199 19 9 72081556 35284416 50833396 33953036 28268600 33044500 42263572 28260988 145362552 0 28395124 24516684 24647884 24619064 24472712
2210 20 0 0 107784644 80654884 29822632 32815428 68222732 65294584 31379688 39831464 104120056 31547628 160460308 26755244 26751980 26619844
2221 20 1 99591656 0 114800848 68519216 71444076 67880836 53936812 77938772 56025432 97583588 45469492 64444864 245420448 10097356 10107316
2232 20 2 93672356 152859428 0 143614656 58686868 77339784 48274396 81643540 68071156 74404804 55189608 53029176 131267680 21339004 21239348
2243 20 3 33149660 55479936 146710080 0 182778508 55835456 41303932 56479364 26316428 45453480 47848564 48733128 30642572 28842160 28797516
2254 20 4 38767188 60414340 64437560 179269676 0 99209164 26695636 78165784 55833096 50004772 54083248 56064036 27841448 27863760 27768972
2265 20 5 65421908 65252148 79704704 56746092 110098484 0 90365224 116260980 40318592 47321424 57947396 162888368 25743452 25607636 25609268
2276 20 6 53902452 46932236 39764864 48710872 32381304 100776776 0 57947892 70436316 51259392 54123164 42896948 30435064 30605888 30497256
2287 20 7 40901532 78390732 88629368 64351136 75512088 86661640 67017972 0 130132776 49436272 56694260 162553780 24811584 24923080 24726464
2298 20 8 31581904 52085192 77377848 30232204 36089500 47447012 71135492 122223372 0 157769304 54699052 81579464 26417476 26482172 26545880
2309 20 9 145721216 102851940 79592532 57928060 45342388 46101080 48204936 48430896 106235632 0 40694588 156762984 26683460 26685644 26766416
2320 21 0 0 186147508 75174808 76788964 72549388 41636860 68222688 68729292 67326544 73363192 39575424 44265052 208557464 22946652 22857632
2331 21 1 179410068 0 164749816 57524724 55379064 31862416 28462144 22976324 45546024 28850312 31752340 90774388 28717820 28770132 28861000
2342 21 2 90033936 156230796 0 133704428 95684664 87293724 42853416 64116156 48345716 67974960 45759796 45781276 229944596 17409696 17308056
2353 21 3 58525688 57629788 128843000 0 128354852 71544720 24774004 25739416 25578436 32549780 47969988 42977008 58845600 28490892 28593184
2364 21 4 53542260 63859932 84518540 126794320 0 126988144 28794832 24825260 25052864 37261540 53637716 58818104 31312144 31250328 31417840
2375 21 5 33935180 32592448 58673080 66518292 118363964 0 36111228 23092532 22026452 31140128 56311544 61954444 32223548 32108124 32009308
2386 21 6 71794760 40673460 42712448 38491904 31736704 43812536 0 169005592 70861988 77198656 47706240 89936516 26821160 26887856 27029676
2397 21 7 68787884 35972256 64895096 30740748 25564328 24693320 165355960 0 139331592 104216968 53413264 55930332 23998740 23940720 23863940
2408 21 8 63458920 53622740 51957960 34010168 28046700 24303796 72444688 135824980 0 115357236 43613436 104625896 22373276 22389796 22317688
2419 21 9 71891312 40546096 88277580 35742552 28326464 23336696 91863068 96404832 124378052 0 37302184 88139260 24536904 24593340 24725304
2430 22 0 0 194096036 49683176 46092508 37182372 57047008 54796576 63512972 37519760 41807240 33754872 51455792 129292308 19997912 19999672
2441 22 1 214442608 0 174442444 75108668 34580684 46459116 30171472 69372724 33050360 23205004 36979892 29734020 242998788 4447384 4401264
2452 22 2 46332644 188346940 0 85160380 17255688 18171956 6967904 26030928 44397812 18323672 19455092 15661700 14525780 14475724 14424500
2463 22 3 43257792 70238328 79633616 0 89217064 85704976 38376812 35409952 22061032 95526728 30945836 28824124 51852584 14693708 14625016
2474 22 4 33989680 47430240 15830336 98095520 0 68845248 58413364 45227748 12462128 38194932 39147360 45890912 31592160 15841132 15815512
2485 22 5 74594664 43287456 19151900 84488088 62217472 0 115083676 18621292 39740132 20794912 45293964 49490776 14731732 14897980 14924376
2496 22 6 38742332 28767352 6601572 37477928 67518036 123171304 0 88360288 13304728 42890444 39193492 29425484 14989780 14893568 14955204
2507 22 7 51062520 71453444 21714076 40248644 60333272 12733044 89591436 0 132364828 80263520 38452916 72529788 13563756 13440988 13516332
2518 22 8 20863016 35594056 33259780 17804164 14885000 49842804 21194368 118402720 0 140825524 39673108 44851560 16863352 16733780 16859136
2529 22 9 35498536 21384620 28196780 75035816 46150368 17398544 42717512 79519576 146213208 0 34534676 82984064 17338792 17442780 17433048
2540 23 0 0 36122088 37994924 6664232 6603960 15554136 6582112 8884568 10735764 19266224 16372544 27608372 34262248 1432352 1425560
2551 23 1 45826452 0 39355404 956796 2032632 174008 6055496 1284396 12712 7421248 31181808 33798764 25670252 1208304 1212616
2562 23 2 48449796 28265712 0 0 3292360 4145144 3552 9458636 280 963992 25463628 29841064 56758148 0 0
2573 23 3 2691064 6056176 8494984 0 13180360 2725976 823600 11632 5294932 8904 3685496 1661912 1318140 1336208 1332648
2584 23 4 11434280 1767276 6055104 1709016 0 18325792 1404896 0 140624 1785744 27071520 25975152 1311760 1349032 1332800
2595 23 5 18105612 579528 3943564 16 19052996 0 17300480 2656856 0 4920 26587920 32335664 2533572 1283320 1266176
2606 23 6 735264 4045960 13964 4048 3664808 12529692 0 12123672 3083560 1436112 24870664 25273372 1350008 1295752 1305728
2617 23 7 4013104 940768 5204720 0 9504 1695296 17217824 0 13713584 4617656 28121244 19562876 1311288 1286440 1301768
2628 23 8 3728040 24960 1072 0 1024 3248 3727304 9473260 0 14725684 20672804 22101892 1313096 1309656 1299736
2639 23 9 20047468 1039648 689920 0 940632 0 981004 744828 10685064 0 18147744 28254168 1279256 1267644 1281736
2650 24 0 0 31419864 5382712 1023648 8000 6630880 10736 2444032 6794176 13646984 14821600 24820020 28159996 0 0
2661 24 1 28860772 0 33686080 4198024 0 759416 4577860 680368 2090672 3738028 29312388 29512924 33969636 0 0
2672 24 2 6852216 38336800 0 14193348 4528 3484284 7760 10217920 8408 1476340 28222852 29441260 18177176 0 0
2683 24 3 830280 5949944 11562576 0 3143572 3398792 957844 5320 3810616 8648 22416184 18364424 3759576 0 0
2694 24 4 12312 1653440 3780340 17842392 0 21148452 2693060 0 812416 3840864 7051300 1762316 0 0 0
2705 24 5 7249120 574760 3915912 1702856 3631476 0 16421968 1812152 16 5216 28246932 31293432 0 0 0
2716 24 6 19696 2929532 2352 943808 0 13491772 0 17095232 2550472 1202488 26187696 22207632 0 0 0
2727 24 7 3975448 921908 6995328 5040 0 1744444 17843460 0 15829100 4708552 30718144 28052664 0 0 0
2738 24 8 4750360 662160 11240 4618164 0 10424 5365080 13419468 0 14879664 30077600 24702236 0 0 0
2749 24 9 9615908 2658220 1377512 13760 0 0 517992 3952440 15072200 0 17979168 25527856 0 0 0
2760 25 0 0 27222592 4913820 545188 1848 1652480 10056 4244304 6362076 14067652 15483884 27276928 23765436 0 0
2771 25 1 33271604 0 28420848 4007080 21600 0 4980756 658352 2092392 4498036 28868504 26392880 21518036 0 0
2782 25 2 5550032 28078376 0 14710424 4486388 690676 4576 8186444 12656 23360 30265664 24513272 18990552 0 0
2793 25 3 1779724 5616228 13160812 0 16839588 13600 827252 8488 4492976 8520 23038876 21546104 1850816 0 0
2804 25 4 4296 39536 5527376 18361760 0 1414412 3477068 7728 757720 3567672 20140816 27685192 0 0 0
2815 25 5 6457124 573544 4896592 4847504 16074032 0 17251688 1800848 0 4448 3733808 3591104 0 0 0
2826 25 6 7768 3534328 13480 711568 2611928 2202328 0 15033532 2897352 1305208 25184176 23851644 0 0 0
2837 25 7 1092876 941680 6067288 3416 24 0 17979428 0 14311084 3221560 25579868 27421968 0 0 0
2848 25 8 3889416 1152264 11544 3234776 385184 0 4482668 11873692 0 13741996 27862952 25281176 0 0 0
2859 25 9 9437516 3717612 23504 14256 4984888 0 21040 3964232 15087648 0 17977528 22460828 0 0 0
2870 26 0 0 29944824 2762936 863092 6384 8572396 0 6349784 6298932 12268092 13573012 30436472 22071756 0 0
2881 26 1 32486384 0 22317212 1987136 702576 597576 1284320 648316 1954884 3871408 29498164 28398228 27009820 0 0
2892 26 2 5524688 30773996 0 12371716 4869444 3496248 7104 11102748 11536 967312 26363116 22886504 11826584 0 0
2903 26 3 849984 3860936 9252676 0 12119588 947720 819176 4712 3478028 4996 22598124 17392340 143864 0 0
2914 26 4 5640 954824 4958504 18796324 0 14199936 11184 0 133344 3796296 22545584 21414444 0 0 0
2925 26 5 6793120 13740 5467856 2603108 14544204 0 699344 1824440 0 8 23845644 27754596 0 0 0
2936 26 6 26456 3991056 15704 1781736 1737300 14939124 0 12095896 3791696 598736 3441812 2689008 0 0 0
2947 26 7 1455820 926032 6978692 3968 16 711552 2376488 0 11953084 1396860 32602820 25216896 0 0 0
2958 26 8 3153704 1263160 4344 1713864 315176 0 930396 15756724 0 14405988 25473072 21930548 0 0 0
2969 26 9 9008820 2441492 700584 13064 4710712 6912 2888 3151920 11628276 0 14101896 23207232 0 0 0
2980 27 0 0 26235780 3490580 556664 1536 5398684 56 9440 5966312 13574584 16862856 23099212 28022940 0 0
2991 27 1 33964540 0 27163032 3461492 2081960 637608 2111744 0 2806904 2406368 19448876 27202392 27110172 0 0
3002 27 2 3566580 28454560 0 10463932 1431644 2157124 40 1582832 11184 942868 31738728 26508924 13700088 0 0
3013 27 3 1770024 3414344 12051256 0 11381216 1410012 711568 3544 3464208 10008 22599192 16818656 0 0 0
3024 27 4 2704 957576 4507312 18363816 0 13514808 3479904 0 871416 5240004 21970308 19993108 0 0 0
3035 27 5 8580644 21192 7182952 3912696 19806588 0 11284408 697236 5616 5744 20505572 26152728 0 0 0
3046 27 6 6016 2025064 6304 957112 2599156 12267016 0 2384688 1413344 19680 15650112 21893956 0 0 0
3057 27 7 1881480 912112 6253468 7856 48 1432640 17537592 0 12313452 1385160 3839640 4560148 0 0 0
3068 27 8 679920 225364 9192 1686056 10168 0 978372 1346600 0 9468836 25046948 23006416 0 0 0
3079 27 9 9849496 2152488 1391828 8120 1575456 8368 1439600 0 13848024 0 14855780 18197200 0 0 0
3090 28 0 0 24420364 4580780 1201124 13184 8378156 13040 4078120 1724028 14265748 16527668 29442752 26946096 0 0
3101 28 1 33354568 0 19076408 4506120 680488 390264 4146280 33644 0 2679468 29157344 26556708 24940648 0 0
3112 28 2 4254328 31946752 0 4758384 4584428 2095920 7860 7953528 8 1688752 27281020 24968140 14751304 0 0
3123 28 3 1810552 3618808 12380992 0 12432496 3401180 1533432 3952 1401664 4824 19802684 15607980 0 0 0
3134 28 4 14464 1594512 4987184 18661208 0 13911256 2668172 2320 0 5668248 24809668 24401816 0 0 0
3145 28 5 10703232 28824 7157376 4067040 20154096 0 10407760 1440508 0 8880 28661488 30449860 0 0 0
3156 28 6 12376 3332788 16184 963604 2626560 17312588 0 12725508 992360 495264 22668720 19723488 0 0 0
3167 28 7 1800512 956040 8092896 8408 8344 2390164 18657700 0 1518976 1328760 30187956 21346088 0 0 0
3178 28 8 2510696 1220528 6808 1235712 6880 8520 3600780 14994356 0 14031840 4125300 3549904 0 0 0
3189 28 9 8534556 1715072 698912 9376 641752 0 1358744 979816 2038368 0 14285572 25886860 0 0 0
3200 29 0 0 31381220 4713304 1173968 5496 8021556 272 4344032 4788440 1048904 16863124 32906036 31105188 0 0
3211 29 1 32835536 0 28965768 3457568 1423280 772192 2925596 650068 2622632 768 28261328 32664248 29467488 0 0
3222 29 2 6227496 34439240 0 14741168 3824452 3546612 13024 11907136 9568 3184 35057768 26843900 15508276 0 0
3233 29 3 1804628 2528584 11311672 0 16416416 2420616 1404248 32 3826800 3416 22225100 19563832 1883800 0 0
3244 29 4 5888 1764176 3959880 17678712 0 18936464 2662276 0 361920 0 26334028 28846924 0 0 0
3255 29 5 9693288 574412 7159940 3894212 20271852 0 15859800 1395464 0 0 30619084 37115848 0 0 0
3266 29 6 12944 3600944 17072 1779688 1790492 19534204 0 19478680 3519044 845544 23030392 22816860 0 0 0
3277 29 7 2769568 925552 9054308 8952 64 2312400 18306156 0 18058884 1675952 38508336 28835400 0 0 0
3288 29 8 4434716 660160 0 927960 363672 0 4161744 16346592 0 5064648 28060932 32316264 0 0 0
3299 29 9 11933532 4206144 714984 11592 2942092 0 514608 2727112 15469052 0 3990912 4651304 0 0 0
3310 30 0 0 33169600 5940804 1180856 7256 9171712 15448 2476748 5696236 14334336 4724116 3669296 7132096 0 0
3321 30 1 12202300 0 34108084 3499216 1169276 637656 2009548 665432 2102764 3790412 35184232 26890540 31127524 0 0
3332 30 2 2371560 33941468 0 13218372 4899080 4967292 6736 12288872 11944 1663224 33615628 31534616 17573112 0 0
3343 30 3 938176 4634760 10341368 0 17178916 4455372 835672 4700 5309748 8336 19132580 18615244 1906560 0 0
3354 30 4 0 2605760 6463192 16053176 0 20689316 1024832 0 521008 1391152 26240928 32970536 0 0 0
3365 30 5 56 377584 3521736 3118336 19186028 0 17346092 1695464 0 0 31910148 35982204 0 0 0
3376 30 6 0 3371764 25240 969060 3457440 17752248 0 18030500 2664456 1374104 23826824 15911156 0 0 0
3387 30 7 12440 913956 9168704 6856 64 2416972 13421368 0 18086124 3965760 31898260 29298780 0 0 0
3398 30 8 0 1449536 10272 1595112 400608 0 4553396 12364360 0 14230724 26867220 29390468 0 0 0
3409 30 9 1216 1915668 676712 14216 2821624 0 525624 2613592 14528424 0 17193928 23563664 0 0 0
3420 31 0 0 4488 2139716 1082024 72 6972368 7528 2232740 3651824 5770848 16924440 21943832 20242480 0 0
3431 31 1 24444932 0 33981448 4204776 1395296 144564 3655616 647664 708584 4417304 3012232 2200504 3450228 0 0
3442 31 2 2522080 5453776 0 13570980 4130732 3359828 6408 10541784 7608 15536 28456124 28419812 17464976 0 0
3453 31 3 861592 137456 7349384 0 15468464 2933684 1534588 7064 4477208 8304 19721404 15190748 1892256 0 0
3464 31 4 24 1188 6079336 9840816 0 21259692 1501472 8872 132672 1404008 22248228 26043784 0 0 0
3475 31 5 8758760 4360 3074516 3415488 12509148 0 16346168 2453336 7432 56 24102944 31316736 0 0 0
3486 31 6 17664 1227168 6352 856556 2314992 12599080 0 15268584 2394176 1445120 20995084 18995516 0 0 0
3497 31 7 5210204 129976 9663468 8304 6704 724632 12660616 0 18325448 3706700 29572112 27123612 0 0 0
3508 31 8 4051600 0 11880 3819976 375272 4776 3738808 10771440 0 15393200 21287756 26058252 0 0 0
3519 31 9 9308808 685496 1340424 5520 1915632 8 539724 3200648 11949344 0 13328308 18833672 0 0 0
3530 32 0 0 31790608 7928 1259272 8252 7464476 9776 2392744 4573388 8208256 13753656 30680592 24538632 0 0
3541 32 1 26753016 0 1687940 2168452 513120 7616 2321348 626132 125536 4410716 32510292 25057476 26097200 0 0
3552 32 2 4364828 28304240 0 13003764 3619696 2971592 13876 9123928 13608 732980 5127776 1186648 2017844 0 0
3563 32 3 858680 5656260 832000 0 15414536 3714148 827912 8416 3791232 10880 16160332 14126456 1892576 0 0
3574 32 4 4376 1610848 0 9451240 0 21963900 1608860 0 140320 1433936 23465928 29959972 0 0 0
3585 32 5 8552608 493584 1825504 1829704 17375560 0 16976096 2432248 8 4152 30419792 33000360 0 0 0
3596 32 6 15576 4093624 0 1800892 4390892 17757116 0 14156180 2417252 605768 24206772 14455816 0 0 0
3607 32 7 2943648 32196 2596560 9936 32 737336 12682232 0 17476436 4713976 25036336 25132676 0 0 0
3618 32 8 3884284 1258468 0 2652360 5340 0 3722544 8264736 0 16738204 22922560 26639128 0 0 0
3629 32 9 12235984 2246344 4752 3896 1891336 8064 499984 3580280 15225040 0 17005096 19854260 0 0 0
3640 33 0 0 30176756 4555288 0 1376 7954404 11520 2312744 4210992 12984804 14955472 26631972 24156772 0 0
3651 33 1 27431088 0 30160736 998208 2106728 157808 3591856 631552 10912 3677236 30094708 29366788 24482860 0 0
3662 33 2 3633040 28334580 0 0 3261364 4172680 3808 9547412 4328 968432 25674108 29825276 15362552 0 0
3673 33 3 851588 6151256 9784608 0 13166896 2729444 836008 7616 5216084 7216 2307608 336628 0 0 0
3684 33 4 7816 1772644 6102008 1640332 0 18397056 1405352 0 147632 1795840 25812788 24631928 0 0 0
3695 33 5 8825352 578880 3944320 16 19007496 0 17308112 2621400 0 4488 25308600 31136256 0 0 0
3706 33 6 16128 4102316 15580 5520 3685512 12532540 0 12008456 3084320 1428504 23435228 21524608 0 0 0
3717 33 7 4047576 959016 5209304 0 12112 1726504 17143992 0 13848080 4605832 26721000 17590484 0 0 0
3728 33 8 3705420 25656 1144 0 1792 4280 3719796 9561200 0 14535864 19369940 20748072 0 0 0
3739 33 9 10575340 1030840 690836 0 907088 0 938632 733384 10515656 0 16813348 23195404 0 0 0
3750 34 0 0 31274328 5417816 1050840 8352 6565576 14728 2450516 6910188 13700844 14803860 25033604 25736700 0 0
3761 34 1 28854780 0 33714244 4168844 0 764720 4642440 669496 2081736 3741688 29291728 29286364 24935508 0 0
3772 34 2 4495408 29231044 0 12326496 4272 3442368 4384 8346384 2480 717424 28207980 29513628 18226548 0 0
3783 34 3 839200 5934008 11591816 0 3184604 3383384 961480 3720 3795456 6696 22484392 18448888 1886672 0 0
3794 34 4 8192 1663792 3796216 17895984 0 21061428 2632248 0 770576 3845744 7063248 1728916 0 0 0
3805 34 5 7249564 586672 3928264 1738744 3581424 0 16395912 1870068 32 4896 28219572 31063316 0 0 0
3816 34 6 20736 3000968 1648 957932 0 13460224 0 17286372 2564908 1219760 26440860 22123192 0 0 0
3827 34 7 3977312 896736 6948752 2712 0 1776252 18024844 0 15905808 4634000 30743560 26386392 0 0 0
3838 34 8 4740960 661104 12252 4668640 0 7200 5381872 13579444 0 14924068 30157308 24728908 0 0 0
3849 34 9 9751136 2634208 1381352 9504 0 0 506136 3860328 15059656 0 18053348 24741964 0 0 0
3860 35 0 0 27057348 4941476 552344 1416 1664600 8096 4241892 6325736 14053868 15624764 27130640 23733104 0 0
3871 35 1 33317576 0 28398240 3966232 24696 0 4936244 649900 2076496 4411728 28869660 26345804 21587484 0 0
3882 35 2 5577464 28186108 0 14721024 4439812 692760 3792 8188848 11840 26384 30619096 24295136 17728576 0 0
3893 35 3 1773568 5618188 11946736 0 16893800 13000 849380 7928 4494792 10896 22919684 21560756 1886880 0 0
3904 35 4 6120 33072 5503680 18363924 0 1414928 3434352 8224 753768 3582728 20159060 27729548 0 0 0
3915 35 5 6370732 565448 4932244 4812172 16164004 0 17291636 1803992 0 4704 3759644 3619092 0 0 0
3926 35 6 5552 3545448 17456 734872 2625752 2248676 0 14882716 2874312 1312312 25065700 23843580 0 0 0
3937 35 7 1088020 935552 6083044 4584 24 0 17898888 0 14356596 3212092 25567684 27193736 0 0 0
3948 35 8 3812512 1170040 13520 3200504 393600 0 4460412 11804604 0 13722412 27641652 25436844 0 0 0
3959 35 9 9503012 3773008 23224 11944 4968416 0 26904 3938500 15094656 0 17937160 22399260 0 0 0
3970 36 0 0 29912396 2792200 858492 8816 8611104 0 6371656 6261152 12282748 13532664 30341952 22041780 0 0
3981 36 1 32609752 0 22489528 1977588 681364 594952 1273952 647416 1997848 3771244 29374380 28512976 26974356 0 0
3992 36 2 5501160 30869556 0 12437732 4847556 3488144 6584 11109532 8928 950984 26601192 23006192 11888128 0 0
4003 36 3 817800 3952196 9276432 0 12021944 948812 829592 5064 3469140 3896 22663160 17427076 146752 0 0
4014 36 4 5464 931384 4991800 18859040 0 14246320 9200 0 136132 3842696 22493952 21459140 0 0 0
4025 36 5 6708380 10736 5511228 2520476 14577764 0 672176 1814096 0 16 24004508 27768784 0 0 0
4036 36 6 24296 3915920 12156 1780732 1757920 14960428 0 12107564 3784888 626120 3421948 2665736 0 0 0
4047 36 7 1423760 924600 7059216 3976 24 714828 2359348 0 11869964 1405648 32581604 25251484 0 0 0
4058 36 8 3116600 1272148 5016 1787456 329520 4 934536 15738180 0 14419696 25363836 21966512 0 0 0
4069 36 9 8882080 2368216 710200 11488 4761608 10544 2504 3102456 11658536 0 14120952 23181704 0 0 0
4080 37 0 0 26191488 3493512 559896 888 5341392 32 8224 6023864 13583348 16887860 23054196 27985924 0 0
4091 37 1 34055996 0 27132292 3518856 2078032 637680 2130800 0 2778512 2454280 19349032 27252696 27109916 0 0
4102 37 2 3536888 28395460 0 10500780 1432408 2121928 48 1551168 9168 950272 31949808 26541432 13572060 0 0
4113 37 3 1769232 3429188 12015976 0 11343400 1424584 699736 4624 3456436 7808 22807308 16617696 0 0 0
4124 37 4 5256 981360 4515504 18312964 0 13477488 3466256 0 896680 5240328 21925328 20082308 0 0 0
4135 37 5 8579416 17072 7241184 3943744 19854860 0 11302428 700368 7936 5240 20427872 26121916 0 0 0
4146 37 6 4728 1996640 9344 947908 2586260 12300008 0 2445124 1397020 19840 15732960 21911928 0 0 0
4157 37 7 1834852 906352 6270888 9200 32 1414376 17599620 0 12178268 1326948 3917184 4540076 0 0 0
4168 37 8 665056 227492 9072 1622232 10568 0 973752 1351248 0 9512128 24974132 22988868 0 0 0
4179 37 9 9801440 2133164 1382232 8784 1622180 11664 1471464 0 13854564 0 14762024 18337920 0 0 0
4190 38 0 0 24426036 4437428 1193876 9256 8476812 11312 3997760 1773696 14471628 16291896 29390816 26864724 0 0
4201 38 1 33185824 0 18867772 4464780 680456 381240 4140688 36384 0 2687696 29179212 26430716 24877972 0 0
4212 38 2 4255440 31830740 0 4737848 4580352 2142376 4696 7827664 16 1632600 26886852 24820956 14671252 0 0
4223 38 3 1772320 3679536 12243860 0 12290956 3469696 1568520 6888 1398144 6208 19694688 15649156 0 0 0
4234 38 4 15720 1600208 4982232 18748332 0 13998836 2665412 4536 0 5630616 24754032 24356008 0 0 0
4245 38 5 10667728 29392 7112724 3994192 20190416 0 10482940 1438236 0 9712 28927584 30429956 0 0 0
4256 38 6 10792 3277008 16664 944328 2590428 17321476 0 12700092 1024680 492436 22739244 19797116 0 0 0
4267 38 7 1738196 920392 8020112 10480 9480 2418536 18657408 0 1541972 1381416 30297812 20953872 0 0 0
4278 38 8 2517216 1168564 7664 1238736 7976 8752 3642512 15065640 0 13998632 4212956 3569252 0 0 0
4289 38 9 8522216 1688856 691460 10944 647760 0 1363744 939640 2043316 0 14431916 25879212 0 0 0
4300 39 0 0 31341828 4700420 1200672 8152 8051896 288 4320660 4889936 1029176 16916568 32762936 31233344 0 0
4311 39 1 32927116 0 28884720 3479732 1402912 745264 2984160 632008 2628040 2304 28363372 32497728 29549060 0 0
4322 39 2 6261328 34583784 0 14706860 3869360 3483236 14248 11904612 10736 3136 35142908 26818208 15421284 0 0
4333 39 3 1774460 2491320 11420860 0 16440484 2399168 1405824 48 3787432 4524 22193636 19490204 1911952 0 0
4344 39 4 6248 1714224 3940156 17582112 0 18812756 2663968 0 374048 0 26200324 28897904 0 0 0
4355 39 5 9723832 559368 7119520 3917072 20119644 0 15737432 1345216 0 0 30345888 37253480 0 0 0
4366 39 6 13224 3672124 18176 1777480 1780176 19473604 0 19692784 3528512 835712 23240976 22810508 0 0 0
4377 39 7 2696388 923480 9016452 5376 24 2372712 18560392 0 18076136 1695416 38420176 29103684 0 0 0
4388 39 8 4416516 629368 0 912488 386024 0 4170072 16414684 0 5032352 28142316 32186024 0 0 0
4399 39 9 11864856 4200364 724912 14704 2944672 0 514516 2677768 15400404 0 3951380 4651320 0 0 0
4410 40 0 0 33095028 5844888 1175132 5480 9135776 11776 2471760 5647816 14380824 4749504 3675124 7029948 0 0
4421 40 1 12113348 0 34132556 3491648 1173376 649672 2009544 650540 2064468 3792632 35213896 26674576 31188528 0 0
4432 40 2 2381588 33976320 0 13195072 4903148 4858708 4904 12281080 12320 1663212 33518440 31703304 17506308 0 0
4443 40 3 940464 4615880 10354840 0 17061060 4428744 843316 5360 5150728 7400 19054108 18731460 1886416 0 0
4454 40 4 0 2655816 6503764 16059828 0 20623700 1047228 0 536120 1421232 26273912 32714980 0 0 0
4465 40 5 16 399864 3557820 3170432 19022536 0 17332448 1663360 0 0 31945848 35702268 0 0 0
4476 40 6 0 3348004 21848 965184 3417540 17689816 0 18057572 2646732 1314096 23716056 15942364 0 0 0
4487 40 7 16904 898872 9167252 9472 24 2390848 13305284 0 18074984 3957076 31863608 29314564 0 0 0
4498 40 8 0 1428768 8080 1594536 395272 0 4582104 12419576 0 14146772 26859672 29223112 0 0 0
4509 40 9 2640 1940172 692176 10240 2810872 0 522336 2677360 14473136 0 17247744 23435764 0 0 0
4520 41 0 0 4360 2135448 1070776 96 7006520 6744 2231012 3595076 5819032 16892436 21966312 20327648 0 0
4531 41 1 24551532 0 33981752 4145216 1420072 145360 3667200 657468 702576 4424072 3022880 2234236 3455808 0 0
4542 41 2 2506016 5454756 0 13550380 4147676 3306768 11584 10535876 9952 17556 28330416 28457840 17453360 0 0
4553 41 3 858208 147316 7316904 0 15493468 2951732 1556412 4296 4465176 10696 19651296 15227616 1876824 0 0
4564 41 4 56 1792 6105688 9837948 0 21437700 1554136 8880 127616 1408152 22341012 26069444 0 0 0
4575 41 5 8647944 6720 3027384 3459552 12636536 0 16264068 2480400 10600 56 24417980 31359736 0 0 0
4586 41 6 14328 1265620 8552 865016 2284928 12629500 0 15331064 2398956 1454276 20942308 19019576 0 0 0
4597 41 7 5295632 126008 9710792 7976 5952 720944 12643548 0 18220380 3745684 29580788 26987572 0 0 0
4608 41 8 4099572 0 13232 3813816 367728 6616 3744448 10619972 0 15519456 21122964 26007920 0 0 0
4619 41 9 9299808 696504 1332584 5016 1904104 8 514400 3266592 11910476 0 13408308 18990288 0 0 0
4630 42 0 0 31994396 8784 1240480 8400 7509148 8072 2371548 4550076 8264440 13683792 30725412 24521852 0 0
4641 42 1 26610320 0 1677040 2161952 494496 6840 2304752 627504 120740 4418768 32750120 25033436 26081708 0 0
4652 42 2 4337120 28281524 0 12907284 3577244 2976528 13064 9123716 17136 743928 5030040 1170792 2023624 0 0
4663 42 3 854516 5670316 791296 0 15514168 3710872 822080 5160 3804280 7228 16177104 14128064 1842288 0 0
4674 42 4 5160 1629472 0 9500700 0 21926728 1594416 0 136496 1411624 23407116 29988912 0 0 0
4685 42 5 8672352 514100 1808808 1835328 17403376 0 16970036 2460848 0 3464 30354740 32924984 0 0 0
4696 42 6 14616 4024424 0 1807800 4390896 17648664 0 14005448 2392224 632396 24117568 14382004 0 0 0
4707 42 7 2969288 36848 2596560 9752 56 691632 12638560 0 17415096 4675456 24768580 25230856 0 0 0
4718 42 8 3884896 1261204 0 2678728 5904 0 3681672 8227288 0 16680144 22745904 26618428 0 0 0
4729 42 9 12195156 2239352 4816 6072 1856664 7520 466664 3573312 15184500 0 17107084 19731252 0 0 0
4740 43 0 0 30344748 4594372 0 1280 7932404 10716 2290352 4207772 13019828 15148944 26417520 24204268 0 0
4751 43 1 27494424 0 30225796 969868 2077616 153612 3574852 651480 12064 3707576 29914180 29246448 24588096 0 0
4762 43 2 3667488 28259560 0 0 3298812 4154336 3344 9478292 5256 951512 25606800 29955660 15443316 0 0
4773 43 3 855008 6073192 9837376 0 13078716 2784092 825232 7632 5177740 7776 2319516 343944 0 0 0
4784 43 4 10064 1755356 6115884 1687400 0 18235828 1393664 0 142704 1777952 25770648 24717984 0 0 0
4795 43 5 8743468 564760 3926684 24 19004080 0 17476992 2599908 0 3936 25394776 30896356 0 0 0
4806 43 6 18776 4071172 17304 5992 3767184 12468444 0 12088912 3130208 1419128 23593628 21511904 0 0 0
4817 43 7 4038684 936156 5271260 0 9816 1762504 17108528 0 13681244 4675696 26758896 17616940 0 0 0
4828 43 8 3721120 26008 2520 0 2048 2752 3783336 9537212 0 14643272 19291444 20638852 0 0 0
4839 43 9 10593908 1016164 684996 0 904616 0 928500 742600 10571920 0 16922060 23284992 0 0 0
4850 44 0 0 31068288 5395204 1041196 8960 6564040 12848 2408920 6866372 13621640 14953908 25062244 25853224 0 0
4861 44 1 28965272 0 33750600 4184440 0 773760 4669208 657356 2075796 3705056 29215360 29483084 24902672 0 0
4872 44 2 4507876 29433952 0 12272104 2944 3542048 4056 8262020 2960 723656 28201092 29504056 18302552 0 0
4883 44 3 851792 6013088 11584856 0 3153900 3373608 951228 4752 3776228 8248 22604684 18343044 1920560 0 0
4894 44 4 12312 1660664 3831820 18008200 0 21070596 2617748 0 777008 3850064 7087800 1721620 0 0 0
4905 44 5 7280536 568888 3895488 1740812 3636784 0 16355588 1797604 8 5272 28239768 31120552 0 0 0
4916 44 6 18888 2936632 2240 961520 0 13449376 0 17418152 2583232 1203500 26348924 22086952 0 0 0
4927 44 7 4020232 927320 6992824 3288 0 1730512 17914540 0 15942396 4630984 31039780 26186172 0 0 0
4938 44 8 4723236 674680 13544 4641664 0 7648 5380656 13601000 0 14988244 30227948 24774420 0 0 0
4949 44 9 9772208 2642016 1348856 15712 0 0 529380 3907576 15158144 0 18016004 24721244 0 0 0
4960 45 0 0 27241092 4832512 552200 2424 1655136 9456 4277868 6296608 13876260 15451240 27037048 23781740 0 0
4971 45 1 33109652 0 28362672 4031244 17752 0 4966072 628952 2111996 4433844 29067400 26366084 21532240 0 0
4982 45 2 5608776 28273192 0 14707740 4412192 693136 4120 8237572 8064 22768 30586128 24235148 17548580 0 0
4993 45 3 1795948 5613640 11906872 0 16770068 14344 829412 10448 4493340 9120 22838436 21610212 1865704 0 0
5004 45 4 6328 39048 5495484 18258736 0 1407652 3525128 11556 752048 3567292 20102800 27546824 0 0 0
5015 45 5 6405040 569648 4927752 4801288 16056572 0 17348776 1841764 0 1752 3803144 3527300 0 0 0
5026 45 6 8192 3570664 12592 739208 2639488 2179848 0 14881060 2834776 1310408 25116996 23966112 0 0 0
5037 45 7 1069868 936180 6043168 5320 40 0 17953504 0 14418688 3152912 25424084 27496528 0 0 0
5048 45 8 3756028 1177936 10868 3204152 394168 0 4421400 11879740 0 13869744 27801992 25471412 0 0 0
5059 45 9 9463116 3717668 20416 13632 4944208 0 25744 3994112 15159764 0 17826192 22417052 0 0 0
5070 46 0 0 29878996 2783520 829032 6712 8624860 0 6367460 6350860 12341008 13568636 30158088 22153444 0 0
5081 46 1 32693656 0 22485736 1989932 673608 605032 1264576 643816 2024760 3794112 29322208 28356936 26966888 0 0
5092 46 2 5441096 30794484 0 12457168 4841048 3426344 11312 11061696 10712 938492 26486480 22931716 11898488 0 0
5103 46 3 846112 3891280 9239296 0 12140696 962764 832752 6896 3451288 3600 22524596 17421708 141048 0 0
5114 46 4 5672 935336 4998664 18639060 0 14214608 10176 0 137664 3798996 22432764 21510280 0 0 0
5125 46 5 6727024 13800 5479252 2572704 14534120 0 673824 1777608 0 8 23916556 27847256 0 0 0
5136 46 6 22744 3900272 14960 1772332 1720384 14997088 0 12049488 3850576 612360 3443008 2665240 0 0 0
5147 46 7 1471988 918024 6957640 5064 32 698744 2358384 0 11826164 1367008 32482072 25234024 0 0 0
5158 46 8 3085496 1226640 6896 1806956 340452 0 955664 15759484 0 14569364 25639256 21876952 0 0 0
5169 46 9 8848688 2403160 676736 16032 4712928 10496 1768 3091144 11766152 0 14187252 23237984 0 0 0
5180 47 0 0 26233920 3558680 581704 3324 5313832 24 7552 5905512 13504292 17023536 23008428 27965292 0 0
5191 47 1 33980232 0 27242876 3525384 2114356 632520 2114644 0 2797464 2431596 19377848 27286012 27025980 0 0
5202 47 2 3562156 28352684 0 10462760 1426556 2139848 8 1525728 9456 954860 32027856 26367920 13708760 0 0
5213 47 3 1789216 3487160 12020892 0 11413276 1381492 711728 4032 3468388 9496 22848108 16681680 0 0 0
5224 47 4 4456 989480 4435816 18453884 0 13393544 3471696 0 866656 5281328 21957544 20037652 0 0 0
5235 47 5 8575384 17724 7180032 3877840 19807840 0 11450312 661760 9088 4312 20389772 26061312 0 0 0
5246 47 6 5272 1987376 9800 968220 2573080 12314300 0 2433604 1408836 19980 15732208 22100880 0 0 0
5257 47 7 1864740 886744 6264760 7160 32 1364464 17635704 0 12254760 1360784 3803512 4575268 0 0 0
5268 47 8 650072 230624 11984 1643444 9880 0 987868 1400840 0 9533792 24930356 22968176 0 0 0
5279 47 9 9802200 2165168 1409520 10088 1547148 7224 1460472 0 13776052 0 14782704 18317656 0 0 0
5290 48 0 0 24451036 4491760 1229248 12112 8388500 13096 4094984 1764320 14376140 16467032 29404956 26757744 0 0
5301 48 1 33294976 0 18912872 4468632 704464 388528 4128792 32016 0 2721656 29133548 26472060 24983400 0 0
5312 48 2 4261088 31942272 0 4720168 4601868 2151240 5440 7908520 8 1647184 27235100 24914056 14608992 0 0
5323 48 3 1786296 3604668 12444468 0 12386960 3388216 1563872 5200 1404056 4072 19769468 15627724 0 0 0
5334 48 4 15616 1564936 5030200 18769516 0 13871948 2704792 5168 0 5622440 24990152 24366156 0 0 0
5345 48 5 10630792 31128 7171808 4006112 20249584 0 10433344 1433716 0 10456 28840616 30420872 0 0 0
5356 48 6 9632 3301652 15032 944064 2591152 17453904 0 12839500 993040 506216 22635076 19790704 0 0 0
5367 48 7 1748144 912656 8105560 8904 9952 2400352 18711028 0 1534896 1324172 30223292 21294424 0 0 0
5378 48 8 2513300 1203368 7432 1238636 6008 7200 3527392 14977260 0 13937148 4182296 3578232 0 0 0
5389 48 9 8491072 1702556 680448 11464 651376 0 1337952 932160 2064552 0 14334880 25814444 0 0 0
5400 49 0 0 31324384 4737016 1181388 5816 8100028 8 4305800 4838760 1022272 16854372 32738884 31331000 0 0
5411 49 1 33050360 0 28927924 3450816 1410572 743600 2960276 640392 2657332 512 28166908 32496204 29446688 0 0
5422 49 2 6218868 34271612 0 14759796 3828452 3487460 16960 11901504 7240 3328 35018740 26775036 15528136 0 0
5433 49 3 1764368 2554804 11390632 0 16462532 2439728 1411216 288 3818024 4096 22247164 19560788 1912104 0 0
5444 49 4 5912 1754780 3920224 17669600 0 18798700 2660648 0 362048 0 26144992 28808464 0 0 0
5455 49 5 9669832 589224 7163324 3913944 20069488 0 15831988 1380864 0 0 30407764 37141772 0 0 0
5466 49 6 12560 3610744 17248 1806312 1801824 19513776 0 19614848 3421904 847632 23366872 22801264 0 0 0
5477 49 7 2738840 918416 8937376 7528 40 2356200 18609096 0 18059008 1675912 38415136 28964828 0 0 0
5488 49 8 4442772 636860 0 917568 387528 0 4168368 16337244 0 5033620 27946496 32104916 0 0 0
5499 49 9 11815520 4161220 726520 13264 2902616 0 509296 2665168 15323612 0 3955388 4632024 0 0 0
5510 50 0 0 33225176 5958128 1186736 8748 9067992 13668 2425592 5689444 14418680 16540560 17305828 18556736 0 0
5521 50 1 24332012 0 33962288 4152352 1353728 156440 3641448 637448 720520 4461928 33831356 20865496 26377548 0 0
5532 50 2 4340616 28527520 0 13016848 3621940 2973492 14540 9277148 13096 734080 25537648 22609784 18534932 0 0
5543 50 3 876556 6064012 9844200 0 12906192 2781692 837080 8064 5226544 8888 22840312 19414512 1869720 0 0
5554 50 4 11072 1624264 3771128 17938432 0 21088596 2668732 0 770024 3897392 19502220 21317524 0 0 0
5565 50 5 6469320 571576 4873656 4775992 16229436 0 17365800 1824080 0 4272 24512076 29321984 0 0 0
5576 50 6 25456 3882112 13056 1768008 1718552 14969188 0 12112740 3808268 623720 23545148 22712616 0 0 0
5587 50 7 1834304 900808 6173548 9920 40 1407680 17661640 0 12176504 1395912 28041908 18359592 0 0 0
5598 50 8 2533884 1185720 6168 1262104 6016 9584 3538936 15069496 0 13960420 20699012 23029024 0 0 0
5609 50 9 11979480 4093788 712424 13272 2951016 0 516128 2692944 15323068 0 15297000 24209060 0 0 0