# Format <LP ID> <Group ID> <Router ID> <Link traffic per router port(s)># Router ports in the order: 10 local channels, 5 global channels 

10 0 0 0 62050489 49394235 50467888 54931904 55115905 51093560 52611265 56409800 55627193 15473500 37480952 20259577 25048264 15403835
21 0 1 61997437 0 54493608 34796672 34166616 26482576 33262128 28991683 24131860 28106130 53645372 13383512 14663403 11908208 5854312
32 0 2 14217656 51531680 0 26485152 13708976 20389672 5005040 5122080 28576631 4350648 32896185 11945488 11602432 11571626 7594786
43 0 3 18762912 11647891 27471128 0 44895960 19794008 5939496 5392200 11904856 5189452 29425000 19449656 18932240 16775926 8791047
54 0 4 8326572 24088292 15816672 44679912 0 33840352 15087124 9714948 6178168 21576728 32649568 16687482 16205576 21085308 9219674
65 0 5 9118036 22574700 21908164 22888384 34707196 0 33777216 18861124 10161008 9330968 31184279 21978487 15217846 12978715 12945935
76 0 6 5596840 9930332 6917608 6644444 12898208 32736168 0 7750136 5570056 5775192 20815418 19506263 15023000 11072520 11017488
87 0 7 0 0 0 0 0 0 0 0 0 0 40170882 26646780 19730968 14344672 14305472
98 0 8 0 0 0 0 0 0 0 0 0 0 24132712 28555485 22074750 14038736 14001347
109 0 9 0 0 0 0 0 0 0 0 0 0 27203368 27493048 23250444 15379963 15399080
120 1 0 0 16541608 10603940 5243256 6594680 408264 14237072 3893096 292768 820176 0 50048 135040 68240 0
131 1 1 553632 0 2358328 557720 148872 67968 664456 231184 65008 45352 0 0 0 0 0
142 1 2 2136600 2836560 0 2238864 576792 233336 1208176 1025744 109792 263856 343216 178752 253464 54080 0
153 1 3 273368 2942752 4677140 0 1285008 230856 1993560 955472 148352 295456 399016 0 0 0 0
164 1 4 1936876 340332 4627176 2021976 0 224992 372472 167920 143760 227656 1170712 1024 5120 0 0
175 1 5 243072 1811433 4704040 2136936 584000 0 2750696 271032 140000 225680 0 0 0 0 0
186 1 6 1981476 2037912 4745232 2149592 1226368 209232 0 846656 164080 282080 13776 0 0 0 0
197 1 7 2009896 3493028 4720964 2191250 1285088 215888 2850496 0 144752 289888 122640 0 0 0 0
208 1 8 1986456 3697104 4683784 2150208 916272 221664 2970344 999720 0 260520 0 0 0 0 0
219 1 9 1982512 3736144 4703576 2203400 1265680 225048 3011224 1015984 140608 0 0 0 0 0 0
230 2 0 0 7254392 893128 15909328 3331752 1451549 1686336 3275920 1902520 1022584 0 0 0 0 0
241 2 1 0 0 63792 1396992 0 4456 54176 63552 29552 95568 4590296 699576 358144 668296 0
252 2 2 45824 52016 0 2588928 0 58128 63328 124200 69856 44896 0 0 0 0 0
263 2 3 86864 90800 143552 0 0 104408 132512 223424 146576 115584 1189888 343200 276040 557576 0
274 2 4 203120 206256 28160 3192320 0 249848 271168 504856 361376 210048 2949656 122080 116960 144064 0
285 2 5 213696 221152 94632 2328064 0 0 278296 551256 337352 189520 129856 13664 1024 0 0
296 2 6 167056 161904 106496 3734016 0 211672 0 437416 273544 183296 262160 170784 74080 0 0
307 2 7 184672 198864 108712 3731200 0 271656 265112 0 352112 201504 619232 149336 98976 0 0
318 2 8 163696 172688 173440 1871872 0 247856 270896 561568 0 215488 101704 204464 127712 0 0
329 2 9 216704 214048 180176 3667712 0 273528 295712 540144 367520 0 153424 30592 63808 0 0
340 3 0 0 4948032 2127712 1084176 2751976 353656 345232 1186512 12439344 5467400 0 86808 176192 86880 0
351 3 1 73960 0 0 0 0 0 0 0 604936 1731384 2956816 360880 170320 324560 0
362 3 2 170256 210120 0 227832 250520 76848 0 198016 342760 1925904 582480 264400 287392 122928 0
373 3 3 39632 47344 45392 0 57064 18432 0 41264 1364720 466192 0 0 0 0 0
384 3 4 200192 246064 205184 260904 0 73168 0 219136 361080 1658424 1365728 74464 141936 149360 0
395 3 5 276688 284248 215760 294920 290016 0 0 216544 636544 1799000 95864 19616 256 0 0
406 3 6 160776 236296 195088 249792 271352 72656 0 197952 1885701 1776536 247144 70408 28160 0 0
417 3 7 251760 262816 200992 268672 262232 75312 0 0 2102685 1892064 337040 72752 32384 0 0
428 3 8 270272 252592 173936 257824 269816 59360 0 217440 0 1862440 39168 72368 57024 0 0
439 3 9 259360 281240 197168 285448 285576 67600 0 204976 2197200 0 83552 21200 31680 0 0
450 4 0 0 6351586 3454992 2844926 625744 1038664 1317512 12638048 1446696 481776 0 92256 180256 85872 0
461 4 1 2706168 0 224992 97520 60496 130752 224864 2149632 195216 49760 2110728 341280 180944 306512 0
472 4 2 3232728 1075696 0 99408 53568 65712 204208 4094208 0 0 1029960 384248 356696 213568 0
483 4 3 2781016 972856 282136 0 74272 154792 252168 1869056 219328 74896 690624 249984 176944 396752 0
494 4 4 623632 189624 18688 39952 0 72416 45832 2232064 0 0 0 0 0 0 0
505 4 5 1935096 271048 358112 271280 70184 0 105712 1869824 206208 74512 83256 40960 18624 0 0
516 4 6 2108920 1005968 329472 218592 145888 219888 0 3646464 224480 76032 193560 238320 146848 0 0
527 4 7 2930168 1025536 347528 273632 147712 227288 260944 0 209888 79056 63376 111504 72544 0 0
538 4 8 2918504 1039420 328472 247264 143728 235560 244096 3682048 0 71080 144480 351712 196296 0 0
549 4 9 2856312 1056184 350152 285792 95016 162568 262640 2214912 233488 0 117104 33504 79232 0 0
560 5 0 0 7033224 3633200 3789328 5260000 3441544 3732024 2549576 2527376 482600 0 102552 186368 98048 0
571 5 1 0 0 147968 73328 196784 140712 90232 57392 185056 0 2624592 357736 182856 340752 0
582 5 2 0 30856 0 52048 71312 68288 120944 45232 0 0 913416 379392 393280 211536 0
593 5 3 0 32304 22320 0 76784 68728 127760 33776 64176 0 813224 453608 425256 447824 0
604 5 4 0 16160 5648 34064 0 78912 169720 64896 0 0 1072712 268608 272192 424776 0
615 5 5 0 41256 10752 28320 40816 0 61696 28192 0 0 0 0 0 0 0
626 5 6 0 43136 18688 44016 79152 68264 0 45936 0 0 357296 302176 159408 0 0
637 5 7 0 158704 93312 100288 203264 186456 261600 0 104640 0 550056 246776 112800 0 0
648 5 8 0 314104 185888 145440 324912 252768 318576 131120 0 0 218248 441344 272768 0 0
659 5 9 0 154424 67584 143424 228640 220632 335984 141248 140480 0 164544 187000 132264 0 0
670 6 0 0 5225748 3479328 2862208 4595456 932512 742496 1765096 708632 1138520 0 91248 169232 93872 0
681 6 1 58704 0 62768 0 158240 51280 45136 97040 23328 76208 2869260 355024 180376 336952 0
692 6 2 0 62896 0 106144 179944 47312 49424 114432 29424 89808 1100592 355992 317424 191952 0
703 6 3 65712 193416 155328 0 251992 84336 91088 195064 60720 148848 1007928 222640 169128 334464 0
714 6 4 0 104880 161792 179360 0 54992 55680 129552 40224 106208 1632344 152848 191872 226256 0
725 6 5 78640 263648 251960 176576 268248 0 117888 249968 61872 209936 83584 37984 4352 0 0
736 6 6 0 26752 41840 50992 112264 18752 0 39616 7424 34320 0 0 0 0 0
747 6 7 73872 262720 241432 187680 293456 123312 137808 0 66496 212864 239472 60624 66016 0 0
758 6 8 73376 228024 224280 164544 357440 116336 133904 257392 0 216112 78368 180392 126672 0 0
769 6 9 71872 266952 256960 204016 352816 124704 125072 277648 74192 0 63424 32752 54064 0 0
780 7 0 0 27012660 2134712 2337768 2752160 381904 1436808 1713112 2921536 2622080 0 106544 180968 103792 0
791 7 1 568 0 0 0 0 0 24864 73936 70968 23360 3656852 365008 172944 349072 0
802 7 2 11336 1732352 0 0 0 0 7680 38144 65056 40784 1186488 388176 347944 212144 0
813 7 3 8752 1540096 0 0 0 0 20832 55040 70536 31168 1125072 431912 361880 421656 0
824 7 4 4624 511744 0 0 0 0 8608 36064 69840 96128 1854720 258448 236248 406152 0
835 7 5 22528 2284032 0 0 0 0 22064 78176 151264 202528 243712 112448 26016 0 0
846 7 6 6296 1041664 0 0 0 0 0 12800 35776 51632 381368 315552 153504 0 0
857 7 7 7048 717568 0 0 0 0 9984 0 46432 56208 0 0 0 0 0
868 7 8 40624 3626496 0 0 0 0 36048 141392 0 131184 188432 364816 213040 0 0
879 7 9 37048 3323136 0 0 0 0 43360 136144 206304 0 174536 143584 88168 0 0
890 8 0 0 6193208 3840280 2667160 2521856 1929784 1206304 1102504 963608 2541128 0 86528 166704 105392 0
901 8 1 92432 0 45736 0 0 0 0 0 0 45600 3617216 355096 242264 328744 0
912 8 2 49696 46064 0 6752 0 23824 12288 0 27456 83120 799608 378352 369536 179552 0
923 8 3 38608 27760 42624 0 0 9536 5440 0 10240 54832 850544 508296 407440 384536 0
934 8 4 69360 82528 124288 31280 0 110368 40544 0 85616 180224 1834872 169264 219568 297800 0
945 8 5 83696 110184 187664 65168 0 0 69688 0 134624 207472 379504 44272 1792 0 0
956 8 6 20400 48384 74400 20640 0 65856 0 0 58240 98592 355176 246544 107680 0 0
967 8 7 46112 91264 153288 44048 0 185536 59568 0 123504 211808 826328 202528 73312 0 0
978 8 8 34112 33024 40096 14848 0 43568 15664 0 0 46160 0 0 0 0 0
989 8 9 127136 133528 194592 65376 0 194672 68032 0 143344 0 184488 234384 26192 0 0
1000 9 0 0 7016296 2687832 5261544 5514952 2525304 825128 1192432 966880 1041840 0 102376 180544 89472 0
1011 9 1 41472 0 23072 66112 78040 23864 0 0 0 0 3720560 345872 181248 334016 0
1022 9 2 26016 83344 0 91440 126088 71112 0 0 0 41088 1178936 365080 379688 203392 0
1033 9 3 13456 59040 17200 0 113664 70640 0 0 0 34288 1146152 496520 401144 431880 0
1044 9 4 21176 60800 26624 126400 0 110416 0 0 0 69360 1484656 253008 243976 372536 0
1055 9 5 26640 76624 32528 155480 243144 0 0 0 0 95712 279064 111584 29760 0 0
1066 9 6 8448 29952 11664 61280 97440 61088 0 0 0 37808 385472 300304 139920 0 0
1077 9 7 30880 68544 28144 173416 262408 193096 0 0 0 100704 797504 264608 131952 0 0
1088 9 8 65040 150848 48192 180008 249048 170192 0 0 0 73936 237472 439760 289264 0 0
1099 9 9 18720 33056 6400 53584 69744 51056 0 0 0 0 0 0 0 0 0
1110 10 0 0 5673120 5526104 2208256 6230496 3308720 4375896 7490622 4269687 615848 0 0 0 4096 0
1121 10 1 0 0 75776 24736 100584 55952 46720 113600 0 0 3175672 365424 202016 329648 0
1132 10 2 0 0 0 0 0 0 0 0 0 0 1219312 400968 386312 252848 0
1143 10 3 0 0 86736 0 116936 57952 58096 114176 0 0 726344 288952 218192 423896 0
1154 10 4 0 0 82848 28928 0 68976 56944 123880 8128 0 1636112 279136 185520 385472 0
1165 10 5 0 0 85344 34608 124800 0 64288 117888 9216 0 264904 254336 56160 0 0
1176 10 6 0 0 96784 29680 125088 56480 0 107808 0 0 306848 361832 182080 0 0
1187 10 7 2048 1536 85440 26784 124208 64384 61720 0 7680 0 859424 327368 183952 0 0
1198 10 8 0 0 87520 28000 114032 66464 55704 118008 0 0 276912 513336 315192 0 0
1209 10 9 0 0 94640 30336 118416 62912 60584 123200 10240 0 274400 117104 224800 0 0
1220 11 0 0 1221592 1132856 1428128 2286440 2334032 2143176 635192 1708192 1878512 0 91456 171888 96464 0
1231 11 1 18288 0 28464 46384 73128 86648 79744 44944 36464 33712 568136 0 179424 79664 0
1242 11 2 82736 261104 0 270256 437656 346456 265944 269632 0 0 343704 190384 262688 50880 0
1253 11 3 74736 222384 149904 0 365264 305408 220280 224528 0 0 500448 236080 232704 51856 0
1264 11 4 70256 211808 144752 217168 0 284248 209616 214304 0 0 1394520 26624 118088 94832 0
1275 11 5 74128 230528 144928 227872 381800 0 226768 225648 0 0 278872 0 0 0 0
1286 11 6 78000 217616 138480 211360 360944 289888 0 224992 0 0 170640 0 0 0 0
1297 11 7 71072 221056 152192 223968 378096 299992 214624 0 0 0 172984 80416 0 0 0
1308 11 8 71040 229088 152928 216816 358576 276048 208800 219536 0 0 64672 38648 0 0 0
1319 11 9 73888 231040 145760 219040 380976 297408 231728 227440 0 0 81008 206864 0 0 0
1330 12 0 0 3946760 1487416 1739744 2405016 382128 406912 433856 1527000 1125464 0 0 0 0 0
1341 12 1 27648 0 217584 0 75616 147496 73328 0 223200 71360 2329944 347480 173936 346456 0
1352 12 2 7680 42736 0 34448 45648 30208 11072 0 88464 59568 442624 0 0 0 0
1363 12 3 25600 132008 296576 0 141568 149744 75312 0 326088 179664 578448 165872 139616 284304 0
1374 12 4 28416 208016 355968 144832 0 143776 76256 0 444704 287792 1487920 55488 56000 83488 0
1385 12 5 27136 200520 364576 155120 219616 0 73632 0 427384 291632 66376 9288 512 0 0
1396 12 6 28672 200800 338760 116064 198816 141584 0 0 404440 242768 136792 74432 38976 0 0
1407 12 7 25600 197912 348056 145840 205008 156160 81120 0 425872 305664 314672 71904 47600 0 0
1418 12 8 25088 219496 347520 138896 219968 153280 69455 0 0 282592 52864 114096 67288 0 0
1429 12 9 28160 212832 364496 137696 217936 142576 65792 0 422456 0 79872 12800 26368 0 0
1440 13 0 0 4796528 2187200 358104 3208424 2799248 1495624 2125552 2459944 461608 0 92824 175808 93344 0
1451 13 1 0 0 118864 0 122928 172256 2752 111640 257600 22480 3008368 357768 174000 334960 0
1462 13 2 86080 0 0 0 80496 292216 213632 197016 104512 39472 565128 277040 295008 122816 0
1473 13 3 33536 0 0 0 27248 76096 57296 47408 27928 7168 358360 0 0 0 0
1484 13 4 141792 0 0 0 0 340784 271552 215328 117256 41616 1367960 78976 133616 139352 0
1495 13 5 144000 93328 96432 0 241816 0 290384 361448 416200 78944 99184 18992 1280 0 0
1506 13 6 127056 7168 8768 0 139056 283360 0 187936 116568 38080 275840 66272 25344 0 0
1517 13 7 139312 97136 92240 0 221592 502016 275592 0 348264 64736 347512 71328 35936 0 0
1528 13 8 136064 150304 146576 0 275536 572112 289608 369472 0 66688 39616 72224 59248 0 0
1539 13 9 148288 129936 137632 0 286800 554480 273680 358256 424648 0 78048 23008 31200 0 0
1550 14 0 0 4465696 2923496 2414440 564264 145904 564448 1190192 1919680 1380304 0 94592 176752 91296 0
1561 14 1 98448 0 0 0 6400 0 0 0 0 0 2134584 349640 175616 329552 0
1572 14 2 72448 39184 0 31264 27648 0 0 42016 63984 76272 1044808 382432 358944 190640 0
1583 14 3 136432 31648 24416 0 6656 0 0 34832 63616 69632 718256 255024 159664 389616 0
1594 14 4 47760 41504 29696 31488 0 0 0 26112 42880 45024 402560 0 0 0 0
1605 14 5 350192 176032 130160 135248 8960 0 0 142688 214464 220880 86864 39232 19776 0 0
1616 14 6 199664 99760 70592 81568 35840 0 0 81568 125152 134016 185456 230768 148672 0 0
1627 14 7 337120 154016 108928 118208 32512 0 0 0 214832 216304 158912 106912 72224 0 0
1638 14 8 249904 91568 82064 75472 7424 0 0 84608 0 165520 140272 353408 204560 0 0
1649 14 9 326672 156992 105008 122864 37120 0 0 132048 200208 0 113024 33568 85128 0 0
1660 15 0 0 3536768 1882488 3467544 3288336 2506936 3220552 919384 1561071 2304936 0 100472 180384 95856 0
1671 15 1 0 0 0 0 0 0 0 0 0 0 2655864 360840 173656 346424 0
1682 15 2 0 0 0 1280 8288 19504 15560 0 256 0 903624 384760 389840 205488 0
1693 15 3 0 0 0 0 16128 24160 32360 0 768 10816 820232 463608 420896 435400 0
1704 15 4 0 0 0 2656 0 37856 47008 0 19776 77504 1062176 264672 250368 435320 0
1715 15 5 0 0 0 31232 28192 0 66224 0 11616 46960 0 0 0 0 0
1726 15 6 0 0 0 23936 28048 49376 0 0 8448 31088 351320 306960 161488 0 0
1737 15 7 0 0 0 65072 80832 127888 159968 0 27056 100432 541488 264984 112960 0 0
1748 15 8 0 0 0 20928 24160 47880 70816 0 0 51360 207200 444384 269520 0 0
1759 15 9 0 0 0 27440 51360 132912 158960 0 38960 0 158552 177080 137360 0 0
1770 16 0 0 5529616 3590576 2140824 2236944 1314176 1248080 1134984 1478960 507168 0 87296 175568 87136 0
1781 16 1 0 0 0 0 0 0 0 0 0 0 2862824 358280 172032 341224 0
1792 16 2 53984 67920 0 20448 0 55408 58976 45648 73232 30976 1077560 354672 316472 170256 0
1803 16 3 43136 54200 53736 0 0 24960 50480 44544 55808 23680 1016776 224960 166184 337984 0
1814 16 4 84368 160120 194224 65376 0 192528 150416 101856 159808 53088 1627648 175920 200280 232984 0
1825 16 5 128320 227752 253536 64880 0 0 197984 140864 230160 73360 88040 38928 4096 0 0
1836 16 6 36960 54320 57360 15616 0 49632 0 30144 50512 17456 15968 0 0 0 0
1847 16 7 174192 226544 256952 60448 0 196368 195632 0 213312 70464 234248 68608 64464 0 0
1858 16 8 123248 169032 178024 57328 0 158864 160096 105712 0 57264 80528 182856 132728 0 0
1869 16 9 141104 249256 256960 70592 0 205392 189104 144848 224016 0 60704 31328 58576 0 0
1880 17 0 0 4497060 2738144 5360528 5010720 3664198 1301000 1468360 2102494 1857448 0 98304 174928 89024 0
1891 17 1 0 0 0 6056 49504 56328 27264 67168 68656 23296 3609204 363888 168016 356472 0
1902 17 2 0 0 0 37984 51904 116120 23472 71328 69936 70944 1161544 380496 358112 202816 0
1913 17 3 0 0 8320 0 49792 88512 14400 47920 59216 76848 1098416 412528 367768 405896 0
1924 17 4 0 0 8192 46976 0 132360 30080 92048 99296 104464 1854128 254368 226888 383832 0
1935 17 5 0 0 22848 177944 182224 0 54624 167904 176848 177152 258448 109856 32768 0 0
1946 17 6 0 0 5120 38272 34240 84016 0 44400 66128 43008 375168 289696 157200 0 0
1957 17 7 0 0 12336 74000 46728 84080 7936 0 18288 45456 0 0 0 0 0
1968 17 8 0 0 19088 98088 147712 211880 64704 184832 0 132992 171768 360744 200488 0 0
1979 17 9 0 0 34496 203128 199592 288360 51920 161664 179440 0 169896 140816 88880 0 0
1990 18 0 0 7355640 2193768 2161400 3465736 2203200 3190624 3311976 3633840 1530424 0 93728 181360 96456 0
2001 18 1 0 0 0 0 0 0 24880 19552 45496 45936 3623656 340224 233472 334384 0
2012 18 2 40224 87128 0 0 19664 59472 90152 100528 194432 49328 801704 372056 368640 190576 0
2023 18 3 23952 38232 1024 0 2608 46240 62336 71032 108528 16048 863480 484400 401952 411296 0
2034 18 4 86576 292160 55952 0 0 233232 218256 285256 405528 67360 1810216 187920 221216 308088 0
2045 18 5 176480 353112 64624 0 125200 0 311688 303608 475856 85824 391008 48224 3712 0 0
2056 18 6 39648 113728 18016 0 32256 116144 0 159296 266544 45344 368432 253408 130224 0 0
2067 18 7 103168 329104 65328 0 128024 244608 173968 0 385304 52912 824120 212784 75552 0 0
2078 18 8 41824 96336 15168 0 27120 55824 69008 67104 0 19712 0 0 0 0 0
2089 18 9 196272 379128 73136 0 150048 274144 280712 309224 461992 0 191344 230736 38832 0 0
2100 19 0 0 8915872 3881064 3181376 2410080 1599992 2018456 1159480 2044080 1057864 0 94528 182192 100208 0
2111 19 1 51056 0 171504 60464 0 115456 112960 0 122208 121856 3746520 364448 180464 345456 0
2122 19 2 14720 41568 0 35072 0 0 0 0 0 0 1215792 373248 378376 189968 0
2133 19 3 6400 22688 832 0 0 9280 15104 0 22176 30960 1135184 487944 393384 425856 0
2144 19 4 34496 106768 0 28672 0 0 0 0 0 0 1514896 265696 249200 383040 0
2155 19 5 124048 307512 66368 26112 0 0 82736 0 100128 129168 293184 111520 38480 0 0
2166 19 6 28656 81480 4656 32768 0 2560 0 0 2304 1792 410080 311840 153664 0 0
2177 19 7 51936 160704 102240 64960 0 70832 78304 0 76336 77424 795848 241072 122632 0 0
2188 19 8 61584 139424 232096 108112 0 153888 149488 0 0 152592 214208 435200 286680 0 0
2199 19 9 31344 74728 0 4352 0 0 0 0 0 0 0 0 0 0 0
2210 20 0 0 4203420 2741096 1624896 2613088 904560 999576 1359144 3122024 2320928 0 456008 0 185648 0
2221 20 1 0 0 212992 0 74080 138016 69424 0 196320 76848 3162780 363920 174608 328368 0
2232 20 2 0 0 0 0 0 0 0 0 0 0 1214824 400608 387600 234416 0
2243 20 3 0 77568 210528 0 73152 144112 75632 0 225200 71968 717664 280016 203024 424096 0
2254 20 4 0 76832 219344 0 0 140416 68176 0 222272 70688 1602776 264704 195200 388920 0
2265 20 5 0 75248 230544 0 73008 0 78944 0 224656 79568 255248 239808 62016 0 0
2276 20 6 0 73792 227648 0 75840 149776 0 0 213136 68672 289048 355168 185760 0 0
2287 20 7 0 72608 222384 0 73360 144240 81472 0 219008 70432 863440 321272 175456 0 0
2298 20 8 0 66384 220336 0 72640 148112 65840 0 0 71728 273152 494184 303584 0 0
2309 20 9 0 71888 216960 0 81216 153040 80176 0 218928 0 257008 125696 224352 0 0
2320 21 0 0 2190072 2629304 1047016 3643848 2579210 436496 1469368 2718520 298160 0 83256 179536 102800 0
2331 21 1 49920 0 83232 0 95456 131552 30864 74816 126992 0 576288 2880 0 23824 0
2342 21 2 268624 87376 0 0 94000 264912 169376 174112 0 0 348432 179072 255496 50960 0
2353 21 3 225008 71056 0 0 72448 211456 147600 149104 0 0 527048 234976 242448 39872 0
2364 21 4 207376 77440 0 0 0 229168 149536 150864 0 0 1423464 26512 123120 94624 0
2375 21 5 219424 73632 0 0 66728 0 155600 145664 0 0 278576 0 0 0 0
2386 21 6 221600 71520 0 0 68120 208976 0 148064 0 0 160440 0 0 0 0
2397 21 7 222832 68176 0 0 70208 214768 143776 0 0 0 168424 73520 0 0 0
2408 21 8 223232 129248 48288 0 130128 280064 140176 177840 0 0 53456 23512 0 0 0
2419 21 9 212912 75984 0 0 74272 227120 150224 142352 0 0 77584 220704 0 0 0
2430 22 0 0 3445864 617760 1166776 2438416 1113312 1057312 998912 1520744 633640 0 0 0 0 0
2441 22 1 73728 0 65280 0 252624 162376 95632 169824 268016 61520 2297168 360560 173688 312032 0
2452 22 2 14656 28080 0 0 53584 58112 43264 48240 90464 29744 461056 0 0 0 0
2463 22 3 75376 145216 66896 0 265776 182552 117184 192064 320768 88864 602592 171056 128832 264368 0
2474 22 4 67216 145888 79872 0 0 270240 208016 196608 422448 142160 1503992 61984 60496 68952 0
2485 22 5 74208 134080 68848 0 296280 0 217024 222080 459192 136512 67800 6656 768 0 0
2496 22 6 68720 142080 74288 0 275504 230192 0 202416 373640 116416 127232 79808 37168 0 0
2507 22 7 76928 158320 78128 0 276568 238328 187216 0 396712 138160 321616 71584 46112 0 0
2518 22 8 75984 137328 74272 0 279320 245920 191968 231856 0 135456 56688 108304 60288 0 0
2529 22 9 74816 157520 74896 0 278400 279040 211824 230448 420176 0 74920 15680 29488 0 0
2540 23 0 0 4822528 1269360 790840 4039440 993712 1364896 1989216 1290408 1496128 0 98720 173536 100672 0
2551 23 1 160016 0 0 61552 167600 0 56304 169968 107832 97040 3032192 371072 169720 336448 0
2562 23 2 67968 0 0 0 156480 181904 130656 67744 73288 146000 569168 281456 290856 128368 0
2573 23 3 17328 0 0 0 41624 42896 31072 16992 15424 32256 344368 0 0 0 0
2584 23 4 77328 0 0 0 0 192352 124208 77248 67696 150464 1342640 80512 152248 133584 0
2595 23 5 276064 139872 0 67792 391408 0 222032 293792 210472 280704 88672 17984 768 0 0
2606 23 6 68736 7264 0 3328 164288 163696 0 74712 73384 150336 259768 73768 29552 0 0
2617 23 7 240960 95600 0 47488 353240 201696 197072 0 179920 262776 336760 82368 30592 0 0
2628 23 8 281616 142256 0 78288 388992 190048 196016 280000 0 269840 41024 82904 63680 0 0
2639 23 9 253008 119584 0 54208 375888 211904 208384 265424 220192 0 77232 21856 29760 0 0
2650 24 0 0 5400736 4449080 2305888 418368 138336 551704 343312 689760 240912 0 100728 169008 92576 0
2661 24 1 208368 0 75968 56664 0 0 0 0 0 0 2099240 344000 183096 345904 0
2672 24 2 65640 86752 0 77680 0 0 0 0 0 0 1048008 359440 368496 213248 0
2683 24 3 272296 188016 166864 0 0 0 0 0 0 0 697552 248704 172336 367536 0
2694 24 4 40816 46736 67696 31232 0 0 0 0 0 0 418640 0 0 0 0
2705 24 5 382080 382536 398656 163728 0 0 0 0 0 0 87968 30848 19520 0 0
2716 24 6 326920 256368 241448 115424 0 0 0 0 0 0 189024 230136 132304 0 0
2727 24 7 355680 295904 334928 159968 0 0 0 0 0 0 165488 108736 69392 0 0
2738 24 8 348272 275576 289112 144704 0 0 0 0 0 0 153760 337984 198112 0 0
2749 24 9 367256 343576 349664 163712 0 0 0 0 0 0 119216 37120 84848 0 0
2760 25 0 0 3463480 1839008 2108248 2045608 0 816376 1578176 2199376 1117128 0 105904 179712 95264 0
2771 25 1 0 0 0 0 0 0 0 0 0 0 2606872 352864 164912 339368 0
2782 25 2 0 0 0 0 0 0 0 0 0 3328 893472 379712 368488 197952 0
2793 25 3 0 0 0 0 0 0 0 1280 1280 512 814872 436248 428416 429040 0
2804 25 4 0 0 0 0 0 0 0 22512 48624 26944 1070880 281376 270488 423160 0
2815 25 5 0 0 0 0 0 0 0 17152 28032 17216 0 0 0 0 0
2826 25 6 0 0 0 0 0 0 0 4096 8192 5120 344512 301824 170112 0 0
2837 25 7 0 0 0 0 0 0 0 0 67360 43968 571104 256480 110048 0 0
2848 25 8 0 0 0 0 0 0 0 4960 0 3840 212640 432408 256704 0 0
2859 25 9 0 0 0 0 0 0 0 43344 84192 0 159832 177552 142096 0 0
2870 26 0 0 4924816 2363512 1734056 3062585 926528 13880 1131648 1154440 150928 0 95120 175328 92736 0
2881 26 1 0 0 0 0 0 0 0 0 0 0 2817104 350424 167040 324712 0
2892 26 2 0 58336 0 0 38976 42032 0 38752 37376 0 1092344 332704 331200 168128 0
2903 26 3 0 24368 7840 0 23680 30096 0 25632 25904 0 1011376 233952 161648 327328 0
2914 26 4 0 169872 56432 0 0 121344 0 125824 129296 0 1662584 169360 177256 214096 0
2925 26 5 0 201552 62832 0 135008 0 0 149200 154800 0 81744 42096 2048 0 0
2936 26 6 0 39104 13920 0 30320 28960 0 30400 27024 0 13880 0 0 0 0
2947 26 7 0 189184 61712 0 121136 128720 0 0 137312 0 222312 62136 70160 0 0
2958 26 8 0 132288 41952 0 97040 108112 0 105104 0 0 80448 182856 123688 0 0
2969 26 9 0 185856 55792 0 113184 127408 0 134672 130864 0 61840 31536 57440 0 0
2980 27 0 0 4495112 3305200 3434328 4300472 881912 855640 0 1192272 1715349 0 92128 174304 102368 0
2991 27 1 0 0 0 0 0 0 0 0 0 0 3637376 358760 176368 322008 0
3002 27 2 0 0 0 41104 75360 23296 0 0 26000 90960 1168024 365296 347968 213968 0
3013 27 3 0 0 18416 0 37680 11712 0 0 13920 60352 1101800 401872 364600 410968 0
3024 27 4 0 0 24096 25952 0 31184 0 0 35568 158320 1825672 280256 232992 380496 0
3035 27 5 0 0 63488 78208 135344 0 0 0 60272 174192 243336 114144 29184 0 0
3046 27 6 0 0 39248 38864 80192 35280 0 0 34960 103248 381800 314144 160656 0 0
3057 27 7 0 0 28208 29216 41360 16560 0 0 14544 46944 0 0 0 0 0
3068 27 8 0 0 31328 41856 103504 37936 0 0 0 131744 176016 348552 193184 0 0
3079 27 9 0 0 71776 97024 160944 58784 0 0 55968 0 177992 134096 89336 0 0
3090 28 0 0 5516656 1723936 3051576 3400512 1378263 2504992 3652320 0 875496 0 99328 172880 87600 0
3101 28 1 0 0 0 0 0 0 0 0 0 0 3618624 334704 246744 336720 0
3112 28 2 28176 35344 0 24384 20576 44512 89952 128856 0 10624 797248 379680 358992 187200 0
3123 28 3 30576 31680 0 0 21728 34304 64560 100544 0 8752 852768 484624 405464 402624 0
3134 28 4 58400 69536 0 105344 0 86976 214720 306328 0 57088 1794928 185152 202400 286392 0
3145 28 5 98352 119856 0 125440 120224 0 266208 425680 0 72608 389224 45528 4608 0 0
3156 28 6 72896 71312 0 42688 40512 69776 0 192952 0 25216 371480 228616 121296 0 0
3167 28 7 43408 43632 0 129920 133216 63392 175232 0 0 71008 844720 222528 78336 0 0
3178 28 8 33584 26176 0 33136 29936 25712 58640 77864 0 16224 0 0 0 0 0
3189 28 9 116160 135152 0 128240 127920 134176 271920 421216 0 0 186456 224288 33184 0 0
3200 29 0 0 6462264 3381192 5374376 4049856 430208 853960 1189448 946880 0 0 98768 175024 111168 0
3211 29 1 0 0 0 0 0 0 0 0 0 0 3702720 365016 175584 328928 0
3222 29 2 2328 23584 0 55920 58160 0 0 0 0 0 1199488 385928 373152 207728 0
3233 29 3 7680 23440 20720 0 48160 0 0 0 0 0 1175024 471648 402672 425504 0
3244 29 4 43104 48400 46256 154496 0 0 0 0 0 0 1564048 262976 241488 374240 0
3255 29 5 78176 119872 79680 241832 161920 0 0 0 0 0 285776 109520 35072 0 0
3266 29 6 16176 43232 38896 105872 76288 0 0 0 0 0 387232 310752 155968 0 0
3277 29 7 71120 61504 28400 174336 108880 0 0 0 0 0 787560 265592 135936 0 0
3288 29 8 13616 27376 22096 50192 48480 0 0 0 0 0 228064 449056 268136 0 0
3299 29 9 30992 44096 28624 71240 44080 0 0 0 0 0 0 0 0 0 0
3310 30 0 0 5074808 3312704 3858000 3032264 2266160 2510219 1934152 1058064 2993640 0 473232 768 0 0
3321 30 1 0 0 55936 117712 28880 80528 83888 29424 0 0 3119928 361008 180992 339488 0
3332 30 2 0 0 0 0 0 0 0 0 0 0 1181112 393216 381008 250048 0
3343 30 3 0 64768 53360 0 27232 88608 92672 25088 0 0 745704 268896 216136 410456 0
3354 30 4 0 58528 60368 110960 0 87424 80672 29616 0 0 1630632 281552 186656 379864 0
3365 30 5 0 51216 61776 125632 30304 0 89392 27552 0 6464 262176 233384 68416 0 0
3376 30 6 0 59536 57696 114816 26304 92704 0 28656 0 0 281872 342480 179072 0 0
3387 30 7 0 60560 63216 120864 31232 85120 89648 0 0 4416 873064 312144 184896 0 0
3398 30 8 0 60160 59520 124704 25312 94688 84224 30416 0 4672 259264 486344 313336 0 0
3409 30 9 0 63840 58144 111328 34016 88224 93888 32192 0 0 271432 108352 221992 0 0
3420 31 0 0 740400 1122640 1265672 2789976 932152 1968576 1028096 1017744 2201880 0 101408 175072 91200 0
3431 31 1 14080 0 28976 30384 57936 46560 117464 39744 61344 127664 576144 7472 157008 0 0
3442 31 2 86256 0 0 173280 159200 229504 381320 109600 192912 484200 336552 183904 274896 52064 0
3453 31 3 74320 0 145864 0 121824 194608 303432 85808 160432 410376 502032 235520 215864 50328 0
3464 31 4 70736 0 139952 148720 0 194064 306328 91536 158528 398256 1402272 24944 108096 93648 0
3475 31 5 71760 0 149872 153760 136880 0 332768 90464 167648 399680 276936 0 0 0 0
3486 31 6 74816 0 143840 138000 130064 202304 0 85248 160256 384280 172192 0 0 0 0
3497 31 7 77088 0 160064 156432 134864 190336 334760 0 158720 390104 178272 65632 0 0 0
3508 31 8 69632 0 149712 144704 129424 185840 330152 83408 0 398704 51056 38608 0 0 0
3519 31 9 79888 0 144256 150944 130720 188720 330720 84016 164352 0 83336 206432 0 0 0
3530 32 0 0 3081740 461568 1945768 2435232 769368 884088 1580736 496168 887360 0 0 0 0 0
3541 32 1 0 0 0 0 0 0 0 139112 28992 87488 2217244 353376 185488 325736 0
3552 32 2 0 0 0 26400 29536 30336 27504 61104 15920 52032 461568 0 0 0 0
3563 32 3 0 0 0 0 53488 60176 71776 190896 44288 153024 574864 168752 136864 271456 0
3574 32 4 0 0 0 111856 0 123328 127184 250400 67968 205456 1471664 70880 64976 77184 0
3585 32 5 0 0 0 112496 127328 0 131456 263632 66416 210656 69952 7472 768 0 0
3596 32 6 0 0 0 96768 96528 108320 0 225296 53520 175584 124912 82096 45216 0 0
3607 32 7 0 0 0 106576 111760 114064 137952 0 72064 216960 324608 81552 44576 0 0
3618 32 8 0 0 0 108192 112512 126976 123376 234464 0 190336 50864 108952 61520 0 0
3629 32 9 0 0 0 99648 111760 125792 144640 252064 68960 0 75520 16128 30528 0 0
3640 33 0 0 5173196 3259661 352440 2008664 857536 945504 1292336 1508872 624624 0 92792 174496 99584 0
3651 33 1 70760 0 96832 0 0 0 0 0 0 0 3015156 344904 183864 319680 0
3662 33 2 217920 175872 0 0 64704 192656 127568 187744 332032 131440 580496 276208 290496 134112 0
3673 33 3 76640 51136 68784 0 12928 51200 29936 45840 69280 32064 352456 0 0 0 0
3684 33 4 283392 213168 273024 0 0 220528 128928 213920 355296 134096 1399376 81072 137672 140400 0
3695 33 5 386104 268160 421632 0 69344 0 146496 200240 354784 152632 96160 18928 256 0 0
3706 33 6 246728 202864 243440 0 67632 202192 0 183584 285888 124720 262216 74112 25456 0 0
3717 33 7 347328 254464 382448 0 70688 220176 123920 0 343448 134344 359624 69704 31040 0 0
3728 33 8 354272 236024 379560 0 68400 217136 118080 187856 0 135888 40560 77288 57392 0 0
3739 33 9 387056 258856 405712 0 73584 214352 138320 204816 350248 0 71744 23808 33536 0 0
3750 34 0 0 5257584 3814768 4379840 2619464 2886776 560104 343568 698952 230072 0 98720 167296 91680 0
3761 34 1 101456 0 47168 91024 27408 68736 0 0 0 0 2100160 343568 173368 335816 0
3772 34 2 31792 43808 0 112528 87472 137224 0 0 0 0 1085736 385688 369240 192400 0
3783 34 3 141408 75616 79152 0 79824 147752 0 0 0 0 694328 260096 177728 356368 0
3794 34 4 36144 60448 46112 79392 0 81040 0 0 0 0 421408 0 0 0 0
3805 34 5 270368 321152 249712 464520 321272 0 0 0 0 0 92640 37184 20272 0 0
3816 34 6 167808 123552 131632 287704 157216 274384 0 0 0 0 190288 221960 147904 0 0
3827 34 7 233648 290504 237232 387528 310664 454424 0 0 0 0 169696 106784 67424 0 0
3838 34 8 198576 198352 161784 328072 239992 384216 0 0 0 0 144064 354824 201104 0 0
3849 34 9 257872 293248 227856 421952 277816 420512 0 0 0 0 114256 32256 83264 0 0
3860 35 0 0 3500864 1859416 2128896 1994576 0 826120 915480 915752 478128 0 89672 176256 94208 0
3871 35 1 0 0 0 0 0 0 0 0 0 0 2624464 361560 167000 348064 0
3882 35 2 0 0 0 0 0 0 0 0 0 0 887848 388176 375600 208240 0
3893 35 3 0 0 0 0 0 0 0 0 0 0 820040 450056 412840 445720 0
3904 35 4 0 0 0 0 0 0 0 0 0 0 1039080 273184 265920 416632 0
3915 35 5 0 0 0 0 0 0 0 0 0 0 0 0 0 0 0
3926 35 6 0 0 0 0 0 0 0 0 0 0 355592 301752 168704 0 0
3937 35 7 0 0 0 0 0 0 0 0 0 0 554104 242264 119408 0 0
3948 35 8 0 0 0 0 0 0 0 0 0 0 206144 427944 281584 0 0
3959 35 9 0 0 0 0 0 0 0 0 0 0 163920 177840 135760 0 0
3970 36 0 0 3658680 1993904 1720976 2249832 142976 14648 356976 411544 145304 0 99480 183776 95248 0
3981 36 1 0 0 0 0 0 0 0 0 0 0 2822640 342160 179168 314952 0
3992 36 2 0 0 0 0 0 0 0 0 0 0 1114984 357168 350328 171552 0
4003 36 3 0 0 0 0 0 0 0 0 0 0 1007328 226840 156336 330512 0
4014 36 4 0 0 0 0 0 0 0 0 0 0 1666192 170304 182688 232024 0
4025 36 5 0 0 0 0 0 0 0 0 0 0 95040 45936 2048 0 0
4036 36 6 0 0 0 0 0 0 0 0 0 0 14648 0 0 0 0
4047 36 7 0 0 0 0 0 0 0 0 0 0 222248 72104 62624 0 0
4058 36 8 0 0 0 0 0 0 0 0 0 0 88736 195816 127136 0 0
4069 36 9 0 0 0 0 0 0 0 0 0 0 57984 33560 53760 0 0
4080 37 0 0 4520920 2119160 2300136 2694456 385568 824880 0 749360 382992 0 100320 170048 97344 0
4091 37 1 0 0 0 0 0 0 0 0 0 0 3664992 347856 172384 336120 0
4102 37 2 0 0 0 0 0 0 0 0 0 0 1175176 391920 355048 198888 0
4113 37 3 0 0 0 0 0 0 0 0 0 0 1099512 393264 372864 435072 0
4124 37 4 0 0 0 0 0 0 0 0 0 0 1852992 255840 227320 359296 0
4135 37 5 0 0 0 0 0 0 0 0 0 0 246480 110752 29120 0 0
4146 37 6 0 0 0 0 0 0 0 0 0 0 366096 309240 149888 0 0
4157 37 7 0 0 0 0 0 0 0 0 0 0 0 0 0 0 0
4168 37 8 0 0 0 0 0 0 0 0 0 0 187136 353808 208256 0 0
4179 37 9 0 0 0 0 0 0 0 0 0 0 164424 129696 88800 0 0
4190 38 0 0 4535784 1723064 2141400 2576920 402848 727032 1111720 0 447800 0 97920 176496 101312 0
4201 38 1 0 0 0 0 0 0 0 0 0 0 3614944 348240 252192 321272 0
4212 38 2 0 0 0 0 0 0 0 0 0 0 797416 371144 356336 198224 0
4223 38 3 0 0 0 0 0 0 0 0 0 0 830832 477720 412848 420208 0
4234 38 4 0 0 0 0 0 0 0 0 0 0 1859592 188016 211072 318496 0
4245 38 5 0 0 0 0 0 0 0 0 0 0 355488 43680 3328 0 0
4256 38 6 0 0 0 0 0 0 0 0 0 0 369064 235520 122112 0 0
4267 38 7 0 0 0 0 0 0 0 0 0 0 816408 215584 79296 0 0
4278 38 8 0 0 0 0 0 0 0 0 0 0 0 0 0 0 0
4289 38 9 0 0 0 0 0 0 0 0 0 0 187720 230048 29952 0 0
4300 39 0 0 4587232 2167592 2432760 2386104 422512 866528 1181248 964832 0 0 102360 188464 82448 0
4311 39 1 0 0 0 0 0 0 0 0 0 0 3712344 368176 165224 342480 0
4322 39 2 0 0 0 0 0 0 0 0 0 0 1203472 395440 364696 203872 0
4333 39 3 0 0 0 0 0 0 0 0 0 0 1149568 449888 387360 445992 0
4344 39 4 0 0 0 0 0 0 0 0 0 0 1510992 260960 235888 378664 0
4355 39 5 0 0 0 0 0 0 0 0 0 0 279200 109008 34096 0 0
4366 39 6 0 0 0 0 0 0 0 0 0 0 394160 319424 152480 0 0
4377 39 7 0 0 0 0 0 0 0 0 0 0 796264 256984 127792 0 0
4388 39 8 0 0 0 0 0 0 0 0 0 0 242080 436672 285712 0 0
4399 39 9 0 0 0 0 0 0 0 0 0 0 0 0 0 0 0
4410 40 0 0 3978392 2205000 1646176 2467496 537256 802560 1357024 1063248 636008 0 466176 53816 192416 0
4421 40 1 0 0 0 0 0 0 0 0 0 0 3137144 334368 176288 332000 0
4432 40 2 0 0 0 0 0 0 0 0 0 0 1206664 396192 378672 224016 0
4443 40 3 0 0 0 0 0 0 0 0 0 0 727504 269536 219320 430264 0
4454 40 4 0 0 0 0 0 0 0 0 0 0 1608224 262944 206248 391024 0
4465 40 5 0 0 0 0 0 0 0 0 0 0 253848 223400 60320 0 0
4476 40 6 0 0 0 0 0 0 0 0 0 0 282328 347208 172992 0 0
4487 40 7 0 0 0 0 0 0 0 0 0 0 862568 322136 171760 0 0
4498 40 8 0 0 0 0 0 0 0 0 0 0 272016 490024 300944 0 0
4509 40 9 0 0 0 0 0 0 0 0 0 0 292464 117568 226008 0 0
4520 41 0 0 951672 822176 1009872 1616680 265360 168744 263680 91992 305672 0 90960 171328 96400 0
4531 41 1 0 0 0 0 0 0 0 0 0 0 565592 124208 172608 89840 0
4542 41 2 0 0 0 0 0 0 0 0 0 0 336008 178496 258568 48896 0
4553 41 3 0 0 0 0 0 0 0 0 0 0 508408 215464 236640 49080 0
4564 41 4 0 0 0 0 0 0 0 0 0 0 1375880 25600 117984 97056 0
4575 41 5 0 0 0 0 0 0 0 0 0 0 265504 0 0 0 0
4586 41 6 0 0 0 0 0 0 0 0 0 0 168808 0 0 0 0
4597 41 7 0 0 0 0 0 0 0 0 0 0 184560 79120 0 0 0
4608 41 8 0 0 0 0 0 0 0 0 0 0 56968 35024 0 0 0
4619 41 9 0 0 0 0 0 0 0 0 0 0 86216 219456 0 0 0
4630 42 0 0 3143848 482304 1204160 1654040 71392 244368 440464 231224 123864 0 0 0 0 0
4641 42 1 0 0 0 0 0 0 0 0 0 0 2305568 340032 166016 331952 0
4652 42 2 0 0 0 0 0 0 0 0 0 0 482304 0 0 0 0
4663 42 3 0 0 0 0 0 0 0 0 0 0 606536 163848 142608 291912 0
4674 42 4 0 0 0 0 0 0 0 0 0 0 1447136 62112 62112 82688 0
4685 42 5 0 0 0 0 0 0 0 0 0 0 63216 7808 256 0 0
4696 42 6 0 0 0 0 0 0 0 0 0 0 126144 79232 38720 0 0
4707 42 7 0 0 0 0 0 0 0 0 0 0 315568 78304 46480 0 0
4718 42 8 0 0 0 0 0 0 0 0 0 0 49920 115656 65664 0 0
4729 42 9 0 0 0 0 0 0 0 0 0 0 76504 16288 31088 0 0
4740 43 0 0 3854160 1273008 336224 1724056 104144 374856 459152 166976 133792 0 91856 177104 96272 0
4751 43 1 0 0 0 0 0 0 0 0 0 0 2999584 349440 178688 326552 0
4762 43 2 0 0 0 0 0 0 0 0 0 0 573160 288728 291072 120032 0
4773 43 3 0 0 0 0 0 0 0 0 0 0 336472 0 0 0 0
4784 43 4 0 0 0 0 0 0 0 0 0 0 1356656 77968 145552 144032 0
4795 43 5 0 0 0 0 0 0 0 0 0 0 85920 17456 512 0 0
4806 43 6 0 0 0 0 0 0 0 0 0 0 273984 71896 29040 0 0
4817 43 7 0 0 0 0 0 0 0 0 0 0 345472 81792 32048 0 0
4828 43 8 0 0 0 0 0 0 0 0 0 0 30432 66160 70384 0 0
4839 43 9 0 0 0 0 0 0 0 0 0 0 84080 21728 27984 0 0
4850 44 0 0 2970496 1963744 1503016 415416 150592 569560 363336 694672 222752 0 98608 174016 93008 0
4861 44 1 0 0 0 0 0 0 0 0 0 0 2124872 336688 172840 335864 0
4872 44 2 0 0 0 0 0 0 0 0 0 0 1023864 395104 351736 193472 0
4883 44 3 0 0 0 0 0 0 0 0 0 0 699584 253496 162896 387392 0
4894 44 4 0 0 0 0 0 0 0 0 0 0 415488 0 0 0 0
4905 44 5 0 0 0 0 0 0 0 0 0 0 89464 41096 20032 0 0
4916 44 6 0 0 0 0 0 0 0 0 0 0 185544 240512 143488 0 0
4927 44 7 0 0 0 0 0 0 0 0 0 0 169184 118648 75600 0 0
4938 44 8 0 0 0 0 0 0 0 0 0 0 141152 350752 202624 0 0
4949 44 9 0 0 0 0 0 0 0 0 0 0 112432 33184 77184 0 0
4960 45 0 0 3464488 1842696 2128624 2014472 0 837400 910576 899120 471640 0 98688 181904 96768 0
4971 45 1 0 0 0 0 0 0 0 0 0 0 2591840 368936 180312 324200 0
4982 45 2 0 0 0 0 0 0 0 0 0 0 891296 372016 364928 214288 0
4993 45 3 0 0 0 0 0 0 0 0 0 0 825984 459392 398336 445248 0
5004 45 4 0 0 0 0 0 0 0 0 0 0 1054920 289680 268776 400392 0
5015 45 5 0 0 0 0 0 0 0 0 0 0 0 0 0 0 0
5026 45 6 0 0 0 0 0 0 0 0 0 0 355480 308064 173632 0 0
5037 45 7 0 0 0 0 0 0 0 0 0 0 542664 260416 107584 0 0
5048 45 8 0 0 0 0 0 0 0 0 0 0 205088 427824 266176 0 0
5059 45 9 0 0 0 0 0 0 0 0 0 0 158360 179264 133808 0 0
5070 46 0 0 3679616 1960928 1725280 2228304 135960 13320 364592 402192 147488 0 96648 169696 94576 0
5081 46 1 0 0 0 0 0 0 0 0 0 0 2850952 338720 166672 323744 0
5092 46 2 0 0 0 0 0 0 0 0 0 0 1110496 343560 340144 167376 0
5103 46 3 0 0 0 0 0 0 0 0 0 0 1004352 226744 157632 336520 0
5114 46 4 0 0 0 0 0 0 0 0 0 0 1646360 158240 187296 236592 0
5125 46 5 0 0 0 0 0 0 0 0 0 0 88760 42336 4864 0 0
5136 46 6 0 0 0 0 0 0 0 0 0 0 13320 0 0 0 0
5147 46 7 0 0 0 0 0 0 0 0 0 0 232480 63728 68176 0 0
5158 46 8 0 0 0 0 0 0 0 0 0 0 84920 186144 131304 0 0
5169 46 9 0 0 0 0 0 0 0 0 0 0 64000 27424 56064 0 0
5180 47 0 0 4470664 2095811 2297928 2711736 379184 824368 0 761624 393048 0 96200 183216 93712 0
5191 47 1 0 0 0 0 0 0 0 0 0 0 3613480 357344 170560 331104 0
5202 47 2 0 0 0 0 0 0 0 0 0 0 1179672 363808 350168 202384 0
5213 47 3 0 0 0 0 0 0 0 0 0 0 1111936 421056 356376 408864 0
5224 47 4 0 0 0 0 0 0 0 0 0 0 1837064 265184 224288 385000 0
5235 47 5 0 0 0 0 0 0 0 0 0 0 239696 113488 26416 0 0
5246 47 6 0 0 0 0 0 0 0 0 0 0 381488 294352 148576 0 0
5257 47 7 0 0 0 0 0 0 0 0 0 0 0 0 0 0 0
5268 47 8 0 0 0 0 0 0 0 0 0 0 192656 357024 212248 0 0
5279 47 9 0 0 0 0 0 0 0 0 0 0 169848 134848 88304 0 0
5290 48 0 0 4518408 1747816 2128104 2489888 443752 720256 1126336 0 454008 0 98120 178624 94816 0
5301 48 1 0 0 0 0 0 0 0 0 0 0 3580760 353088 256120 330080 0
5312 48 2 0 0 0 0 0 0 0 0 0 0 812616 379592 353136 202912 0
5323 48 3 0 0 0 0 0 0 0 0 0 0 839272 483360 405384 400616 0
5334 48 4 0 0 0 0 0 0 0 0 0 0 1822952 163904 203952 299256 0
5345 48 5 0 0 0 0 0 0 0 0 0 0 393912 46912 3072 0 0
5356 48 6 0 0 0 0 0 0 0 0 0 0 374696 231912 114048 0 0
5367 48 7 0 0 0 0 0 0 0 0 0 0 839472 204384 82272 0 0
5378 48 8 0 0 0 0 0 0 0 0 0 0 0 0 0 0 0
5389 48 9 0 0 0 0 0 0 0 0 0 0 187192 233984 32608 0 0
5400 49 0 0 4589424 2146576 2491536 2398456 448720 848248 1157224 946064 0 0 101992 170464 102176 0
5411 49 1 0 0 0 0 0 0 0 0 0 0 3720896 362624 178256 328608 0
5422 49 2 0 0 0 0 0 0 0 0 0 0 1192608 367600 385968 200672 0
5433 49 3 0 0 0 0 0 0 0 0 0 0 1160672 480760 404960 445720 0
5444 49 4 0 0 0 0 0 0 0 0 0 0 1512960 239872 254736 391424 0
5455 49 5 0 0 0 0 0 0 0 0 0 0 293520 118688 36720 0 0
5466 49 6 0 0 0 0 0 0 0 0 0 0 387296 315464 145888 0 0
5477 49 7 0 0 0 0 0 0 0 0 0 0 766680 263760 126896 0 0
5488 49 8 0 0 0 0 0 0 0 0 0 0 226264 443224 276528 0 0
5499 49 9 0 0 0 0 0 0 0 0 0 0 0 0 0 0 0
5510 50 0 0 4028844 2264080 1654216 2445880 557864 817128 1358848 1053520 590992 0 457520 56664 190152 0
5521 50 1 0 0 0 0 0 0 0 0 0 0 3155788 357296 185304 330408 0
5532 50 2 0 0 0 0 0 0 0 0 0 0 1249736 390800 381392 243088 0
5543 50 3 0 0 0 0 0 0 0 0 0 0 742776 276824 197448 437488 0
5554 50 4 0 0 0 0 0 0 0 0 0 0 1626432 267360 186288 365280 0
5565 50 5 0 0 0 0 0 0 0 0 0 0 252904 242584 62128 0 0
5576 50 6 0 0 0 0 0 0 0 0 0 0 292536 355520 169824 0 0
5587 50 7 0 0 0 0 0 0 0 0 0 0 864312 317736 177136 0 0
5598 50 8 0 0 0 0 0 0 0 0 0 0 257472 494032 301536 0 0
5609 50 9 0 0 0 0 0 0 0 0 0 0 261728 110360 218984 0 0