# Format <LP ID> <Group ID> <Router ID> <Busy time per router port(s)># Router ports in the order: 10 local channels, 5 global channels 

10 0 0 0.000000 21706226.998619 6645557.772834 3037576.876973 0.000000 0.000000 0.000000 2779585.263139 0.000000 41047.678496 0.000000 0.000000 0.000000 0.000000 0.000000
21 0 1 25514922.676458 0.000000 20971792.665962 11118377.578358 2832091.553162 930158.918376 2530470.737798 8022966.666998 50505.076274 483517.576298 15399596.103235 0.000000 0.000000 0.000000 0.000000
32 0 2 6366275.024458 18194420.164298 0.000000 9508609.631195 276684.298714 5308080.562034 0.000000 0.000000 1481.627931 8291217.151888 1205883.288235 0.000000 0.000000 0.000000 0.000000
43 0 3 4625845.895378 13041618.168551 10002129.988600 0.000000 10097623.516239 7187203.251456 3805760.080306 0.000000 90795.051194 7006025.655396 173604.036269 0.000000 0.000000 0.000000 0.000000
54 0 4 0.000000 7191535.065653 188860.402346 9930973.102894 0.000000 23177003.328785 7339981.285022 43417.223723 1436.834092 130046.391055 0.000000 0.000000 0.000000 0.000000 0.000000
65 0 5 0.000000 9081474.408986 5922854.071057 10286964.646134 21915503.825802 0.000000 28512500.090747 0.000000 955350.159585 282217.142732 119297.050908 0.000000 0.000000 0.000000 0.000000
76 0 6 0.000000 10243415.092375 0.000000 7631160.772664 5697773.447745 27408778.164571 0.000000 11526495.423499 0.000000 381543.425806 0.000000 0.000000 0.000000 0.000000 0.000000
87 0 7 872992.014930 12857169.812405 0.000000 0.000000 0.000000 0.000000 17152974.881632 0.000000 8195953.447790 17512198.647174 0.000000 0.000000 0.000000 0.000000 0.000000
98 0 8 0.000000 3857574.215343 0.000000 0.000000 0.000000 41438.103650 12388.712368 11239274.385788 0.000000 5209794.021125 0.000000 0.000000 0.000000 0.000000 0.000000
109 0 9 0.000000 10322586.650941 4122291.785524 5025930.068921 0.000000 123180.080929 6182.134704 16697852.183879 7287665.089944 0.000000 0.000000 0.000000 0.000000 0.000000 0.000000
120 1 0 0.000000 15328427.227921 8453893.058767 4637859.463180 13539.393389 849157.591789 521065.808513 55007.677006 1996176.339081 775448.610090 14053433.944723 0.000000 0.000000 0.000000 0.000000
131 1 1 10501981.005734 0.000000 17017460.985633 17817834.063101 0.000000 176.575010 3390433.177238 7157186.400843 0.000000 0.000000 0.000000 4003150.071423 0.000000 0.000000 0.000000
142 1 2 4224202.364717 18834592.528597 0.000000 26133866.762877 350993.330882 15198.542898 497861.313084 1184073.207186 80316.902474 1502017.925064 22366850.768678 0.000000 0.000000 0.000000 0.000000
153 1 3 9140915.643787 12468202.352520 23918155.532697 0.000000 15875081.873962 10187.444067 713436.350714 84454.452615 4974.411258 118084.055800 327147.955232 0.000000 0.000000 0.000000 0.000000
164 1 4 5926522.807527 1206.170074 10779959.518900 19969313.253615 0.000000 16669586.964048 4974980.351818 58015.943179 2029190.788473 1902426.458523 104360.196771 0.000000 0.000000 0.000000 0.000000
175 1 5 4909024.146548 5554.879971 9931422.424224 4329.482549 18549512.136855 0.000000 17667923.475887 13344615.646647 4270503.724238 2368980.210022 141807.911217 0.000000 0.000000 0.000000 0.000000
186 1 6 160069.597556 3004532.696178 8421230.393994 17517.724414 8374882.416051 22245458.121823 0.000000 15919948.940653 15019.480153 3511548.498152 2855483.195857 0.000000 0.000000 0.000000 0.000000
197 1 7 781.343230 1383666.815105 6466455.905066 0.000000 0.000000 9433894.025848 14301481.200174 0.000000 21481.292113 157073.984435 0.000000 0.000000 0.000000 0.000000 0.000000
208 1 8 4446787.656182 955.409864 10321875.432760 6525.891884 4006204.841695 4421369.178556 2884.479044 5701.066590 0.000000 27474159.468576 0.000000 0.000000 0.000000 0.000000 0.000000
219 1 9 2368666.617777 0.000000 12785689.789946 1283.576079 341157.373783 809570.348938 5760395.713327 30434.517753 26806107.553770 0.000000 0.000000 0.000000 0.000000 0.000000 0.000000
230 2 0 0.000000 19912441.005102 1188762.299085 133245.150784 190126.317494 106194.541470 706.763562 9497427.855429 182150.051710 1047691.918543 1843143.731760 0.000000 0.000000 0.000000 0.000000
241 2 1 19994363.057484 0.000000 13098397.338198 8114391.899426 291659.318653 571420.412443 934322.447067 5632969.910938 1898.512989 19807.211885 12010058.613363 1077.790034 0.000000 0.000000 0.000000
252 2 2 2786661.405081 16006356.421940 0.000000 27042060.438199 9717354.805521 6148263.800947 1509977.345259 2779179.447160 3466643.064258 0.000000 0.000000 11331414.113181 0.000000 0.000000 0.000000
263 2 3 440761.392838 11717749.653781 28090822.365555 0.000000 32368290.683652 454971.223331 2921839.336827 7406766.037974 14985.592373 8779473.795970 145513.116980 0.000000 0.000000 0.000000 0.000000
274 2 4 846304.908710 1473543.046748 12059217.987515 25314719.391030 0.000000 12644121.985823 76594.536882 5372525.108192 972895.380846 80823.430848 254327.881574 0.000000 0.000000 0.000000 0.000000
285 2 5 81067.668843 12491646.966661 7401768.271901 35516.760317 20745586.829541 0.000000 9787834.467852 19618942.109916 1274508.314580 471147.063561 544780.253903 0.000000 0.000000 0.000000 0.000000
296 2 6 110032.275531 5683191.722400 4116373.946425 3480422.950380 43538.049577 14196019.588133 0.000000 7311543.091922 11214498.935899 31994.878145 0.000000 0.000000 0.000000 0.000000 0.000000
307 2 7 3004362.713762 4609519.292278 9812002.227558 3988981.476997 5389438.390286 19044664.826193 9363924.454000 0.000000 19471486.226057 214432.891107 2564535.499572 0.000000 0.000000 0.000000 0.000000
318 2 8 834488.492024 534.376391 5829399.849174 1030.735984 1997082.367363 2312388.441780 9849129.430021 18858021.813499 0.000000 14189716.157567 0.000000 0.000000 0.000000 0.000000 0.000000
329 2 9 167521.392057 83483.583730 18263.113319 116049.103854 49967.837121 71188.098984 66081.861597 1201.460091 9176238.603290 0.000000 0.000000 0.000000 0.000000 0.000000 0.000000
340 3 0 0.000000 24534050.522250 1762770.181711 3461230.453856 4071963.180223 389.717350 4447926.415281 1451.465189 0.000000 4352.689448 7840.154563 0.000000 0.000000 0.000000 0.000000
351 3 1 23054913.167145 0.000000 14384690.166524 0.000000 9807879.409207 1213808.602402 91107.516017 3195604.747556 6580788.264560 2200.385091 1341704.872111 0.000000 0.000000 0.000000 0.000000
362 3 2 616437.821670 20237929.613978 0.000000 22291797.943051 11676099.373766 2565359.305396 58684.595385 0.000000 4913587.688866 0.000000 4659695.416641 0.000000 0.000000 0.000000 0.000000
373 3 3 5107322.957232 0.000000 14806607.949426 0.000000 14873890.273520 18921973.568011 26909.307018 0.000000 0.000000 6829002.939520 0.000000 0.000000 0.000000 0.000000 0.000000
384 3 4 66298.522039 7288691.059922 8691665.504505 26428818.991240 0.000000 22266175.020259 0.000000 255886.741363 124734.137336 1517926.493801 13590581.929225 0.000000 0.000000 0.000000 0.000000
395 3 5 63183.796232 2161495.421360 2196575.635108 15772534.765473 18717568.480481 0.000000 0.000000 1964.966614 5135787.322611 821774.202280 9503379.425854 0.000000 0.000000 0.000000 0.000000
406 3 6 6599241.638948 341451.287477 656564.089951 4684.782762 0.000000 9914.616645 0.000000 25538282.411395 6219748.996121 5682580.780177 0.000000 0.000000 0.000000 0.000000 0.000000
417 3 7 65692.862703 2632472.131283 0.000000 0.000000 3355303.107523 0.000000 25978042.547515 0.000000 23765243.267832 12000836.305777 0.000000 0.000000 0.000000 0.000000 0.000000
428 3 8 1953.132191 8962320.130837 3109251.725621 0.000000 5736246.563278 6704097.246146 8329710.330537 23425921.377286 0.000000 9109259.006614 583364.371672 0.000000 0.000000 0.000000 0.000000
439 3 9 96860.298842 62594.199707 0.000000 5292435.858652 10189624.708524 3247418.486879 6442647.427227 7853036.235124 13669219.753458 0.000000 0.000000 0.000000 0.000000 0.000000 0.000000
450 4 0 0.000000 24247784.965114 6599389.180768 3162963.816372 1413.359441 11221.885284 41712.965499 8724.530089 50850.150679 154982.941144 0.000000 0.000000 0.000000 0.000000 0.000000
461 4 1 23032131.785920 0.000000 27636251.982933 3439734.191951 796576.670872 1860667.924503 62786.497207 26194.290911 57100.297497 316926.529489 620995.135568 0.000000 0.000000 0.000000 0.000000
472 4 2 7297474.452070 31958575.865881 0.000000 9320297.575887 4131.123515 5431358.089581 363440.744664 15831.728030 56636.982468 684715.351678 1091421.581479 0.000000 0.000000 0.000000 0.000000
483 4 3 966325.904156 5844220.031188 16237566.066820 0.000000 10683086.894879 14912701.647890 2353995.050531 1898459.429579 164517.708154 1162233.110340 10531947.046985 0.000000 0.000000 0.000000 0.000000
494 4 4 0.000000 645625.000779 6981.022582 11604676.755530 0.000000 10341567.693992 12026746.695452 4998677.484287 1354544.001558 2407163.880374 0.000000 4943025.755061 0.000000 0.000000 0.000000
505 4 5 6436.245017 120415.134596 1302208.459627 13073711.941371 8608242.267480 0.000000 16004670.293306 35861.416384 7511150.546244 2895076.376189 14386001.879324 0.000000 0.000000 0.000000 0.000000
516 4 6 0.000000 96016.659098 135541.815972 5534586.531440 11102184.783447 17130724.627746 0.000000 15516027.402599 42449.322900 5897605.838884 0.000000 0.000000 0.000000 0.000000 0.000000
527 4 7 0.000000 67985.836398 170400.990861 8147382.835385 7526420.593962 8243877.681506 10506557.510990 0.000000 20489124.926657 13898340.656099 0.000000 0.000000 0.000000 0.000000 0.000000
538 4 8 0.000000 99108.837858 60923.504517 1739821.626784 1205672.064205 5543291.586123 578539.644318 19497027.017467 0.000000 26541129.280061 0.000000 0.000000 0.000000 0.000000 0.000000
549 4 9 492557.433632 549989.366601 603420.377850 566809.292063 2168190.616840 10644028.777252 6146099.993844 15987965.633647 22273930.299980 0.000000 1203991.691715 0.000000 0.000000 0.000000 0.000000
560 5 0 0.000000 21888918.304719 7528231.640676 2549893.454963 6535920.565980 20141.264375 3367824.952660 357916.448589 217038.911026 579514.624319 193381.968655 3905909.163796 0.000000 0.000000 0.000000
571 5 1 20081280.134330 0.000000 17407173.776397 12969585.589773 5746016.975277 996794.709161 26126.784008 2589.268604 8099.079814 957687.317756 1087.060408 0.000000 0.000000 0.000000 0.000000
582 5 2 8607621.806226 28023383.198319 0.000000 15346878.495783 1786004.914862 5124844.263043 2826159.525536 2484.844943 0.000000 26171.581727 575359.482084 0.000000 0.000000 0.000000 0.000000
593 5 3 5344882.373108 14840005.447028 16398575.286654 0.000000 0.000000 2644492.522676 4483960.727807 6124.388819 0.000000 27658.589129 2258393.569348 0.000000 0.000000 0.000000 0.000000
604 5 4 7657231.030183 6154611.537934 20994.954550 9959.670587 0.000000 27918435.864992 6810305.314526 3515.060439 3072.995176 95277.891459 5246426.271008 53057.278598 0.000000 0.000000 0.000000
615 5 5 1126321.059975 867205.105594 8147450.257076 1532428.273427 30431525.493540 0.000000 23100355.711520 10864177.561887 0.000000 0.000000 0.000000 4587406.169794 0.000000 0.000000 0.000000
626 5 6 8510384.376883 0.000000 2945039.249536 8438509.923935 6647640.711150 20706389.570558 0.000000 10807278.575063 1452656.688913 8994303.834341 4098159.522663 0.000000 0.000000 0.000000 0.000000
637 5 7 654993.905618 0.000000 58742.029921 21139.202025 16307.465950 11360589.393755 11554202.974427 0.000000 10334377.334431 8055093.941671 7475.807360 0.000000 0.000000 0.000000 0.000000
648 5 8 137780.262406 1159.371567 13226.113184 7938.231203 8348.526522 3196.254175 659348.580535 14210752.914770 0.000000 24348619.955678 0.000000 0.000000 0.000000 0.000000 0.000000
659 5 9 25384.936303 10667.212582 28035.049540 11034.775508 22754.452074 39606.114277 2937520.881334 5587483.877158 25560161.068118 0.000000 0.000000 0.000000 0.000000 0.000000 0.000000
670 6 0 0.000000 9438175.121150 0.000000 4792815.857628 1529791.222285 7062680.380359 6406192.736255 6618127.863194 4387.545146 43012.484090 0.000000 0.000000 0.000000 0.000000 0.000000
681 6 1 17576900.681197 0.000000 7599025.892622 15787225.722203 1196197.554915 837225.401907 0.000000 8568232.983765 832503.030234 31016.563281 632568.135045 0.000000 0.000000 0.000000 0.000000
692 6 2 70061.407393 11569604.342677 0.000000 7163085.202010 11241930.151580 2836273.079795 0.000000 5869.773549 7494405.502001 4106576.382371 0.000000 0.000000 0.000000 0.000000 0.000000
703 6 3 6019018.472075 13448230.511838 8769100.405012 0.000000 15836062.188789 4831389.928100 0.000000 10503002.144506 1587902.971655 92015.113386 0.000000 0.000000 0.000000 0.000000 0.000000
714 6 4 838745.627629 1455241.928062 9807401.273154 17223603.420080 0.000000 16492128.448626 0.000000 15436100.186438 900435.793409 136970.729594 0.000000 0.000000 0.000000 0.000000 0.000000
725 6 5 4739802.064479 50541.195332 129498.700072 181824.611068 8427218.326992 0.000000 17747473.573431 14482697.787018 5566063.457163 88390.061127 11014352.391710 0.000000 0.000000 0.000000 0.000000
736 6 6 4734598.036670 0.000000 0.000000 0.000000 1161.073493 21173375.075009 0.000000 24986082.834259 3794.613792 2277958.487435 0.000000 0.000000 0.000000 0.000000 0.000000
747 6 7 5582300.415032 2628689.490913 0.000000 124458.186469 401722.079368 14942092.858822 19473030.835082 0.000000 20214164.572314 2545490.245511 14989256.859765 0.000000 0.000000 0.000000 0.000000
758 6 8 5268.353032 296370.707614 3976956.199790 280248.856487 653509.861406 6170179.228822 622252.336948 19359047.902646 0.000000 18399461.743631 4316918.230244 0.000000 0.000000 0.000000 0.000000
769 6 9 45134.047318 721.836596 2607236.926675 113756.299138 136441.542525 0.000000 2759375.809006 6291126.473012 17783889.702898 0.000000 53841.121006 0.000000 0.000000 0.000000 0.000000
780 7 0 0.000000 12930958.062301 37153.425605 0.000000 57260.804814 2626.853628 4241080.268042 998150.630739 2563639.738848 726341.740035 0.000000 1466573.520231 0.000000 0.000000 0.000000
791 7 1 16291857.076624 0.000000 0.000000 1030.681603 39041.368656 3342.188425 628713.083915 10600.014778 572200.594827 152454.276870 0.000000 0.000000 0.000000 0.000000 0.000000
802 7 2 356192.068465 26029.134975 0.000000 21940290.110947 9761856.147434 5924413.581571 4156784.046481 323641.454261 89392.508318 5201787.121680 3028500.433282 0.000000 0.000000 0.000000 0.000000
813 7 3 286916.708611 34801.212692 26682274.438729 0.000000 22867243.629742 11438169.316766 7582742.289988 7513.022817 78325.835533 9685281.902468 0.000000 0.000000 0.000000 0.000000 0.000000
824 7 4 319347.281700 19347.669979 10052222.964420 16768567.489250 0.000000 10924761.746214 3717.927838 8619352.239351 829026.875070 111651.458230 0.000000 0.000000 0.000000 0.000000 0.000000
835 7 5 277617.357935 6120.284840 10988565.240744 13978183.923023 11786642.860767 0.000000 13733110.845102 11006548.933508 7279230.977189 235350.291143 4962.835515 0.000000 0.000000 0.000000 0.000000
846 7 6 4429726.314503 625105.149270 2493015.963395 8296937.445320 12713.368857 12324461.012901 0.000000 26168346.037711 7683965.808908 568974.610520 10976229.086307 0.000000 0.000000 0.000000 0.000000
857 7 7 339326.603811 0.000000 671057.548764 0.000000 13291037.601112 9151087.523288 29972002.093199 0.000000 34871890.889786 273749.409239 0.000000 4016237.070498 0.000000 0.000000 0.000000
868 7 8 2856707.986010 1279546.027419 657868.134340 8052.375746 103381.051736 7389808.542860 7939460.619663 28364521.581975 0.000000 15659535.387696 5245822.741332 0.000000 0.000000 0.000000 0.000000
879 7 9 2098673.953443 63407.209978 1689368.299178 6330220.605160 135136.312287 27100.947513 2625788.506937 1519122.660637 19347535.875647 0.000000 211974.720499 0.000000 0.000000 0.000000 0.000000
890 8 0 0.000000 6268678.616102 10073859.934535 3743721.771737 57421.456735 112867.782278 2708073.463419 6751317.717704 3558268.764678 3124842.639027 0.000000 7428583.685868 0.000000 0.000000 0.000000
901 8 1 6498951.054401 0.000000 14549519.622225 1532.792002 6743019.967993 168289.083146 214739.085881 13556168.093335 5482588.112826 1277.656646 2882.498863 714242.145043 0.000000 0.000000 0.000000
912 8 2 10381374.573684 19050470.130755 0.000000 16409227.166120 7340.101975 3441331.476986 1720.870205 14019129.701642 6384942.544594 5339.941233 3870.270320 598.949471 0.000000 0.000000 0.000000
923 8 3 6918407.226096 21763.248963 12104787.947902 0.000000 19259165.690476 14959800.933617 81583.263878 20651483.722506 905827.240955 3021.127896 1438940.827360 0.000000 0.000000 0.000000 0.000000
934 8 4 1241946.601778 8664424.567067 87556.614481 19920428.056677 0.000000 23848113.996060 9085.364328 8847306.551913 2282967.882384 39033.380970 0.000000 0.000000 0.000000 0.000000 0.000000
945 8 5 1610191.544319 800906.441077 4428658.000388 16951960.718814 24901456.874202 0.000000 16670077.919556 5618829.529681 5651866.883360 26097.839230 0.000000 0.000000 0.000000 0.000000 0.000000
956 8 6 861737.322162 378185.009162 7069.693256 369268.593617 0.000000 18715392.193611 0.000000 17613443.737496 9791833.956086 838317.427374 4407398.511185 0.000000 0.000000 0.000000 0.000000
967 8 7 0.000000 2369323.689442 1599993.410864 2083750.893660 758462.228707 49980.662638 18670899.733666 0.000000 18603459.714752 13665480.707517 16280742.963407 0.000000 0.000000 0.000000 0.000000
978 8 8 3620136.869779 1844205.197426 3199618.896700 1355340.487970 894263.660791 3958071.846062 7632943.351098 27595219.182061 0.000000 15174035.117959 0.000000 9503867.858886 0.000000 0.000000 0.000000
989 8 9 1301681.233529 165094.481445 201165.810989 43253.651256 28513.481102 59444.749296 463468.825981 13766224.193079 17576588.623395 0.000000 564634.034446 0.000000 0.000000 0.000000 0.000000
1000 9 0 0.000000 29645665.365211 11324596.362894 1838176.103889 699481.396534 62436.320300 298139.434291 2847943.618282 1784874.824870 519119.379069 0.000000 17098233.075022 0.000000 0.000000 0.000000
1011 9 1 25271622.167400 0.000000 22499954.500298 11301864.971136 441044.448861 15860.529409 219787.357567 7290714.511211 2549927.860803 4730233.260142 0.000000 1642691.582240 0.000000 0.000000 0.000000
1022 9 2 14820768.470768 25393409.676079 0.000000 13915805.814173 533864.061867 223426.304326 353904.747845 0.000000 1692530.916580 8724906.710307 5988.995467 0.000000 0.000000 0.000000 0.000000
1033 9 3 12243977.055444 11526374.786310 11054271.117193 0.000000 10819159.796896 9755811.728167 1490212.593371 0.000000 3521334.633413 4971167.104554 0.000000 0.000000 0.000000 0.000000 0.000000
1044 9 4 822608.908811 188930.269235 1764464.371550 8990056.420481 0.000000 22727452.633112 7576447.769685 4553902.924480 2041868.489772 6800.150824 1237707.578226 0.000000 0.000000 0.000000 0.000000
1055 9 5 6254771.779237 0.000000 46.629362 7711812.080461 21137252.121637 0.000000 31967527.182874 1203599.311028 2979354.710137 4309046.205165 0.000000 0.000000 0.000000 0.000000 0.000000
1066 9 6 14313508.704063 1943.379327 0.000000 206561.068011 6990242.637312 30029937.841066 0.000000 8982541.532681 985979.439308 4454160.942094 544253.276656 0.000000 0.000000 0.000000 0.000000
1077 9 7 10233169.275300 6517263.339745 8132.948449 5200.300831 5463622.153577 821420.197643 20639056.407293 0.000000 11026826.584624 17683742.126629 404048.510477 0.000000 0.000000 0.000000 0.000000
1088 9 8 3871759.418693 53469.216735 101471.293924 155402.737779 1164701.566839 1669482.431483 250780.393274 10505306.412218 0.000000 6716904.915117 8366763.316297 0.000000 0.000000 0.000000 0.000000
1099 9 9 8502578.962669 2625403.365769 2989175.129746 4008607.802707 0.000000 3407967.755159 6348059.787895 13906695.801812 7886606.567901 0.000000 0.000000 0.000000 0.000000 0.000000 0.000000
1110 10 0 0.000000 18260699.212767 186437.548395 2344397.323406 1180366.781948 905776.741066 2126655.735282 2703968.082435 1382943.856363 3549175.494141 0.000000 0.000000 10657534.097879 0.000000 0.000000
1121 10 1 15167190.252186 0.000000 19096696.621857 16030856.818129 5087217.804503 2541919.484158 44473.164119 2262896.742887 10049307.012698 1627857.364117 0.000000 9333444.043660 0.000000 0.000000 0.000000
1132 10 2 2487867.155374 19848583.623555 0.000000 24563629.529541 11321.761522 4339176.531419 0.000000 1190849.622551 6480935.918510 160349.563679 0.000000 4146.136200 0.000000 0.000000 0.000000
1143 10 3 5978260.524957 16019325.647866 25248566.124783 0.000000 19422309.753218 2216256.162007 6917319.845237 2565806.755924 238261.088466 2799492.573481 0.000000 0.000000 0.000000 0.000000 0.000000
1154 10 4 5156270.846307 8312688.003619 123657.544661 19326530.647265 0.000000 20729980.834005 8896662.104994 2801420.590084 70293.765088 7210213.865845 0.000000 0.000000 0.000000 0.000000 0.000000
1165 10 5 32232.698975 4539034.444219 8349717.404199 258633.678281 19318958.792330 0.000000 18845025.252817 13034939.424798 313056.936251 7020503.406806 3451453.750931 0.000000 0.000000 0.000000 0.000000
1176 10 6 4980994.667651 1571312.734363 39036.886774 6715038.803539 7823137.469554 29435234.719345 0.000000 15801179.669215 98594.293422 111868.234716 0.000000 0.000000 0.000000 0.000000 0.000000
1187 10 7 4096448.092123 3131761.488482 1461315.464440 3083761.603070 4219667.088882 13004271.652737 15386568.471714 0.000000 55584.803907 76052.948051 3238958.349221 0.000000 0.000000 0.000000 0.000000
1198 10 8 1625818.292949 7076757.746853 5323770.581177 28710.139992 5973.565391 1908.504560 4581.489670 6847.190008 0.000000 27136470.783948 4055217.179852 0.000000 0.000000 0.000000 0.000000
1209 10 9 3209111.459280 3813210.268293 77684.187239 1654940.078064 531434.437004 1630270.202279 1278.467560 4203.087695 28443055.893533 0.000000 9488947.374024 0.000000 0.000000 0.000000 0.000000
1220 11 0 0.000000 11037412.469797 722767.714709 5887486.821609 124200.606034 3449.509107 29503.089622 6688.501618 213933.531685 53369.337528 0.000000 5909276.771135 581650.768729 0.000000 0.000000
1231 11 1 12993242.845436 0.000000 11733140.083743 8826135.797414 6293585.196384 3518348.511238 3781779.158826 0.000000 0.000000 2986943.482272 5469450.767446 0.000000 3058834.099390 0.000000 0.000000
1242 11 2 4802392.154350 11292965.425383 0.000000 25100191.488966 6996887.243938 0.000000 566075.305295 1035173.379048 2611168.578761 4061183.533337 3534053.874787 10917614.477890 0.000000 0.000000 0.000000
1253 11 3 9274654.176620 8338348.536298 22299581.262582 0.000000 26553701.371536 13314.052845 91387.307155 18728.812553 10286.210293 77206.982350 0.000000 13872471.347902 0.000000 0.000000 0.000000
1264 11 4 1213186.162452 6629047.608322 6913327.018433 32436830.106762 0.000000 9699096.778523 41136.856628 5128.793857 40680.363591 868653.191418 0.000000 78366.639292 0.000000 0.000000 0.000000
1275 11 5 655505.850216 1322171.286224 10915.989721 0.000000 18822569.657725 0.000000 9060794.181531 17502370.108785 1417741.994239 1673446.026861 0.000000 0.000000 0.000000 0.000000 0.000000
1286 11 6 375105.708385 3424324.155457 2781355.192917 0.000000 10463.911011 10053336.850976 0.000000 8279114.967457 14164145.419528 2875689.459471 0.000000 0.000000 0.000000 0.000000 0.000000
1297 11 7 449826.372077 3290.804050 2420752.585238 2463220.108871 17613.151675 11342938.176904 9909420.900757 0.000000 17213965.069198 128317.493460 0.000000 0.000000 0.000000 0.000000 0.000000
1308 11 8 2095062.584432 9443.298279 5221575.030242 10928593.582134 28965.378944 2667908.656542 7183280.005048 16764925.532042 0.000000 12631092.653306 10505.210339 0.000000 0.000000 0.000000 0.000000
1319 11 9 158050.922236 2299772.856651 6625105.546499 159167.973766 315983.352206 1720253.296900 8103147.451808 0.000000 11426971.944971 0.000000 2257301.849486 0.000000 0.000000 0.000000 0.000000
1330 12 0 0.000000 26773106.787716 474661.703729 467369.721965 466321.421349 1911.083825 5417176.438970 16303.131815 72625.517694 4763.819046 0.000000 0.000000 0.000000 0.000000 0.000000
1341 12 1 22793911.256485 0.000000 15473843.504649 2743802.678153 2337102.239322 1090.356109 237084.411739 3766495.630170 5212334.263326 328851.528705 0.000000 4747122.386133 0.000000 0.000000 0.000000
1352 12 2 820163.848057 15232339.538433 0.000000 20717607.865469 5963480.625423 0.000000 8025700.127338 1320442.100815 2123282.520706 0.000000 5029339.354858 0.000000 0.000000 0.000000 0.000000
1363 12 3 176798.383645 3130426.477902 20983021.131721 0.000000 19370973.785181 12047130.647545 3280008.689763 1404543.380854 252393.062556 1999201.288894 0.000000 4308151.032618 0.000000 0.000000 0.000000
1374 12 4 1209026.902066 3742830.842441 5097201.981133 26883654.528079 0.000000 12884204.082554 131438.579358 4521364.888338 4435247.795188 395468.057841 0.000000 7451418.816367 0.000000 0.000000 0.000000
1385 12 5 90371.755391 49825.273453 3549.877986 11433482.071872 15257754.493893 0.000000 298195.108997 1637800.541757 4387313.688711 1335158.091601 0.000000 1698863.126649 0.000000 0.000000 0.000000
1396 12 6 7684597.175031 893741.026618 6394870.758646 4842791.936985 2604.578588 564327.471206 0.000000 25117412.622200 5686080.828538 374520.988412 0.000000 0.000000 0.000000 0.000000 0.000000
1407 12 7 131427.133898 2524782.280585 2308845.782642 533192.066788 6833483.148962 1626953.463923 25984418.830010 0.000000 19917117.946563 9867232.432114 0.000000 2105430.287536 0.000000 0.000000 0.000000
1418 12 8 4749.338936 3836467.950677 3857438.957908 74234.848667 6911294.370960 6547818.987418 6187489.307416 20628074.692928 0.000000 9842805.030460 0.000000 0.000000 0.000000 0.000000 0.000000
1429 12 9 87491.128389 1451553.361968 2353.491919 1673809.938410 1692818.494696 333254.031199 17132.596950 9587038.796202 12798405.117927 0.000000 0.000000 0.000000 0.000000 0.000000 0.000000
1440 13 0 0.000000 28885627.739399 4495329.460946 3617873.152120 1189838.823659 3989.608806 1733769.633941 2588847.729311 4865.296910 20310.812857 0.000000 0.000000 0.000000 0.000000 0.000000
1451 13 1 31153271.282042 0.000000 25386179.902048 2255.494249 2275218.159361 1449773.010857 0.000000 2045512.220358 16836.378008 8754.391018 0.000000 1207.531290 0.000000 0.000000 0.000000
1462 13 2 6534886.759121 24742369.493125 0.000000 10300112.204837 1406219.512591 5414524.919656 236201.012829 360939.715341 8106734.637007 787623.944259 0.000000 7152699.218992 0.000000 0.000000 0.000000
1473 13 3 5717265.717554 224574.718290 20196576.167449 0.000000 12095760.391852 12030188.358674 226841.868878 0.000000 0.000000 4398381.758896 0.000000 0.000000 0.000000 0.000000 0.000000
1484 13 4 6561326.603117 2921916.821142 3273761.050687 13763178.257743 0.000000 7474621.848559 6955614.053232 324277.492868 320616.315505 1505517.610927 0.000000 4338362.200518 0.000000 0.000000 0.000000
1495 13 5 3146.840503 3022773.903591 6259290.813923 11017005.351303 5470832.531770 0.000000 16654184.072915 47473.851400 9012.068670 125650.225239 0.000000 2640.859363 0.000000 0.000000 0.000000
1506 13 6 1794044.091817 0.000000 1006598.766641 681857.252049 12456106.719758 19477873.457598 0.000000 17188287.733388 18529.967395 39523.077097 0.000000 268217.900562 0.000000 0.000000 0.000000
1517 13 7 6273754.582853 2480037.648521 4518360.019969 0.000000 989107.917056 0.000000 9038836.240242 0.000000 18353685.017902 10505206.340422 0.000000 0.000000 0.000000 0.000000 0.000000
1528 13 8 0.000000 0.000000 2269433.785114 0.000000 667319.914644 0.000000 0.000000 19493280.608737 0.000000 21721867.618639 0.000000 86115.168143 0.000000 0.000000 0.000000
1539 13 9 39260.541459 0.000000 565608.313172 2643469.556183 2097648.735609 4109.052229 519.828312 13556207.096799 20543064.661458 0.000000 0.000000 0.000000 0.000000 0.000000 0.000000
1550 14 0 0.000000 18972590.581895 5912131.764680 2445839.974088 9246.069209 1790.212912 200083.159517 13051.727400 92869.463457 77659.153370 0.000000 0.000000 0.000000 0.000000 0.000000
1561 14 1 18146368.587855 0.000000 15710944.068750 13902202.439126 915814.224985 3150.665225 455825.406576 3634.908626 1212.450734 421386.409829 0.000000 49782.793807 0.000000 0.000000 0.000000
1572 14 2 7741546.154108 26350171.655548 0.000000 12836983.292773 68082.291066 358993.539124 559816.095557 4028.874528 18179.619724 276227.594683 0.000000 3372574.651752 0.000000 0.000000 0.000000
1583 14 3 4756919.889393 10990155.581762 16775855.850269 0.000000 0.000000 7272.694227 412047.572891 1831.989899 50447.146665 231862.201261 0.000000 2834670.931550 0.000000 0.000000 0.000000
1594 14 4 0.000000 246435.602684 154784.768314 0.000000 0.000000 24326258.661829 8025839.285635 9615624.453421 3148950.930676 0.000000 3214535.345964 0.000000 0.000000 0.000000 0.000000
1605 14 5 35783.743738 10845.965907 1007395.848940 0.000000 27643198.116751 0.000000 23857158.552449 11674422.384772 6264559.800067 2620094.234260 46614.752516 8457185.601465 0.000000 0.000000 0.000000
1616 14 6 45082.260449 447561.853011 2452575.918070 524746.501341 5243359.187057 21687400.603774 0.000000 9425006.755219 24610.460719 7471114.037267 0.000000 750727.472865 0.000000 0.000000 0.000000
1627 14 7 0.000000 0.000000 0.000000 0.000000 7075560.945867 11760461.763385 9834310.873244 0.000000 14109439.432105 8980133.249284 0.000000 0.000000 0.000000 0.000000 0.000000
1638 14 8 393747.701345 5777.454710 0.000000 4983.060304 647797.993773 6790263.323148 6018.739675 12295684.484105 0.000000 23864081.585264 0.000000 0.000000 0.000000 0.000000 0.000000
1649 14 9 3752.261780 721650.930961 446272.275681 251988.777516 38667.872540 7590847.022467 7051242.925284 10003492.758919 30600307.938588 0.000000 0.000000 1018425.058246 0.000000 0.000000 0.000000
1660 15 0 0.000000 9374380.377671 654938.911961 439812.754568 10114596.957453 184146.849755 10193979.920886 1325238.444495 136297.892625 806897.247328 0.000000 0.000000 7030620.412228 0.000000 0.000000
1671 15 1 17411589.529427 0.000000 9006155.289801 14939710.773165 8314840.909659 6438950.089105 5897862.917843 3249668.705960 6512.488570 240471.461225 0.000000 0.000000 0.000000 0.000000 0.000000
1682 15 2 1617504.725677 14067452.388738 0.000000 6160718.488728 11493866.747093 5867957.930978 20681.564938 111845.673003 114529.887009 1005535.327898 0.000000 600306.959796 0.000000 0.000000 0.000000
1693 15 3 698829.310181 17044719.774180 7342914.220445 0.000000 15591153.037154 29917.894591 9812788.716715 67436.512170 124180.452360 465584.923329 0.000000 885565.302926 0.000000 0.000000 0.000000
1704 15 4 6375050.260621 3711219.238602 11882515.930934 17250004.673857 0.000000 15809176.668638 8788513.554781 3682398.147816 95586.719978 1700363.447846 0.000000 14824091.308961 0.000000 0.000000 0.000000
1715 15 5 2970270.510806 5127685.051822 12263439.730745 0.000000 12505073.920923 0.000000 24047784.845822 17256644.205483 0.000000 0.000000 6215477.907332 0.000000 0.000000 0.000000 0.000000
1726 15 6 5762154.798043 56296.986227 0.000000 7177885.946873 516507.893217 21174668.383962 0.000000 24683491.555822 1150814.872621 9803200.024737 0.000000 13358141.261724 0.000000 0.000000 0.000000
1737 15 7 4738659.811293 2665751.525931 19478.030684 15775.802630 8491564.248307 14076615.835141 23021123.825302 0.000000 18105104.260146 594200.792561 0.000000 2342883.618074 0.000000 0.000000 0.000000
1748 15 8 1236705.374625 26406.784292 371.267353 850306.566279 3138208.206314 8563.509959 3447076.113083 22126480.633893 0.000000 18338735.680247 0.000000 0.000000 0.000000 0.000000 0.000000
1759 15 9 71775.784045 41851.558917 9130.192678 73881.019576 3710175.221734 6119.431600 3766531.076808 48861.527204 21635417.461446 0.000000 0.000000 0.000000 0.000000 0.000000 0.000000
1770 16 0 0.000000 11704403.485822 22024.236575 2939055.374691 2094942.752250 8290168.712918 4025329.488878 0.000000 0.000000 4848.035885 0.000000 0.000000 0.000000 0.000000 0.000000
1781 16 1 12643387.284717 0.000000 14596.058007 565257.354159 3727376.819385 8365434.036551 287544.461284 7552129.769285 2347219.623156 30123.339075 0.000000 0.000000 1786577.135902 0.000000 0.000000
1792 16 2 523.727178 10030.889499 0.000000 26134540.717090 5611235.474554 5546132.899333 217965.654670 0.000000 1989.910359 3132091.046377 0.000000 0.000000 0.000000 0.000000 0.000000
1803 16 3 5079130.986092 1144624.030217 26508319.551269 0.000000 21120938.097788 13306036.387786 0.000000 0.000000 548.726214 7808697.095685 0.000000 897255.269093 0.000000 0.000000 0.000000
1814 16 4 4927667.583607 7649910.758809 5818696.567390 17551722.533210 0.000000 10143222.355496 248937.801493 2817690.587560 102321.852220 25053.330255 0.000000 2009973.560295 0.000000 0.000000 0.000000
1825 16 5 1005785.142728 174919.577741 1457087.857242 12439754.229951 12397460.485192 0.000000 15221771.313902 7572291.690669 0.000000 44359.390063 0.000000 16773731.965482 0.000000 0.000000 0.000000
1836 16 6 2806590.873738 1023490.043527 6273.339828 0.000000 845879.996543 17532255.757984 0.000000 26298000.559341 5950253.349062 5706799.296537 0.000000 0.000000 0.000000 0.000000 0.000000
1847 16 7 3085.911389 7848659.955117 113127.701859 0.000000 1087406.477076 8022065.684341 23298406.331618 0.000000 26617403.652361 1791103.996405 0.000000 4770220.417465 0.000000 0.000000 0.000000
1858 16 8 0.000000 4289327.331016 0.000000 13286.686404 201259.678404 54024.336604 7656816.673339 29515834.074328 0.000000 8931070.897718 0.000000 0.000000 0.000000 0.000000 0.000000
1869 16 9 1942.442236 544935.618512 1342609.263106 8399015.200649 0.000000 7262873.964420 6982998.201887 3773834.169932 19465347.199165 0.000000 0.000000 0.000000 0.000000 0.000000 0.000000
1880 17 0 0.000000 7881581.311869 8974210.041616 6096.851448 19500.680057 858716.206664 1676425.208475 1336360.426615 755335.669925 928248.700704 0.000000 0.000000 2122631.853742 0.000000 0.000000
1891 17 1 9010412.253911 0.000000 15331050.830058 8167.764848 7853.356025 35289.932468 1371173.505115 18026.453895 16875.905666 20039.705410 0.000000 0.000000 0.000000 0.000000 0.000000
1902 17 2 9110014.445642 18754122.495760 0.000000 15407004.934580 354839.386065 343514.837940 475716.806860 1822851.016096 21302.159404 4481.691840 0.000000 4530559.694975 216820.207902 0.000000 0.000000
1913 17 3 190300.640236 0.000000 12547819.137714 0.000000 16663329.797122 15098808.648545 6664072.633926 2505217.643520 873498.418161 19644.356189 0.000000 0.000000 0.000000 0.000000 0.000000
1924 17 4 352979.537524 15918.150062 501978.750467 19239735.977776 0.000000 22213937.535130 24236.772676 5644847.347309 844397.931253 8835.313568 0.000000 0.000000 0.000000 0.000000 0.000000
1935 17 5 3452811.411108 9041.737935 1627880.713620 12734380.082178 19289879.805329 0.000000 18063354.204362 36575.040564 8580757.471647 1307920.351604 0.000000 827139.266973 0.000000 0.000000 0.000000
1946 17 6 2068483.322303 5364050.163710 2844613.898299 6853779.945423 59445.524587 17598542.601687 0.000000 20953373.002383 8297544.291503 2462957.210088 0.000000 3250042.688608 0.000000 0.000000 0.000000
1957 17 7 640279.073733 0.000000 1222363.187731 887807.670360 6494389.070011 1566.111055 19340868.740426 0.000000 19319575.121381 11064974.532494 6165234.932426 0.000000 0.000000 0.000000 0.000000
1968 17 8 927405.412402 2604.473552 1071178.692291 336417.067109 484867.303524 8488350.830413 7013952.334580 29744800.279268 0.000000 15099572.087237 0.000000 6489029.072763 0.000000 0.000000 0.000000
1979 17 9 313012.399619 19957.726016 2587.359263 21528.196432 33983.479143 2108486.113044 4275530.352934 13024277.183885 19749333.059879 0.000000 0.000000 1647242.503705 0.000000 0.000000 0.000000
1990 18 0 0.000000 23905221.314889 8154191.668287 6901696.571314 1450399.815592 37837.479460 93753.201177 1744828.257710 5075823.783166 4733.149004 0.000000 0.000000 2599640.725258 0.000000 0.000000
2001 18 1 25113825.901639 0.000000 20012927.916493 10311326.040204 3081289.480256 163876.133963 910220.654248 1102310.462668 1886989.394814 1360.964950 0.000000 0.000000 771382.890428 0.000000 0.000000
2012 18 2 7496448.964433 18185459.279853 0.000000 9607672.206505 27756.590969 8416344.770761 97304.054978 3243121.868367 26246.766349 9252676.118491 5539.166658 552.505590 0.000000 0.000000 0.000000
2023 18 3 7527827.527051 9561121.709190 10248943.082554 0.000000 11475823.544823 11661786.134092 3409830.558663 4259090.993923 9605094.436962 7780832.379904 0.000000 354110.060580 0.000000 0.000000 0.000000
2034 18 4 1501166.020267 5029751.315394 22270.442107 11095977.333252 0.000000 22522881.860132 7605319.377246 1735441.958515 6749054.305800 195557.409679 0.000000 2712.025073 0.000000 0.000000 0.000000
2045 18 5 563624.957811 336188.773527 6468156.673684 9214853.155827 22905606.182235 0.000000 28316923.738647 2821476.453013 2258.366682 4558275.215004 0.000000 0.000000 0.000000 0.000000 0.000000
2056 18 6 5837.473280 339171.171950 24797.702494 5130458.011688 8125707.372145 27811833.467109 0.000000 10314576.910694 321.242950 7195716.520553 0.000000 0.000000 0.000000 0.000000 0.000000
2067 18 7 1289500.788320 142115.418084 855652.074648 551314.713952 21034.988445 200.934556 17123758.723164 0.000000 10315808.197695 13868047.690435 0.000000 7021273.761336 0.000000 0.000000 0.000000
2078 18 8 4284195.766728 1096051.287317 0.000000 1435509.703305 3748834.914711 0.000000 27625.266413 11452645.420134 0.000000 10127846.445124 9839824.429755 0.000000 0.000000 0.000000 0.000000
2089 18 9 7427.926106 0.000000 2209866.313269 991990.565794 89434.941659 14058.800830 147230.560611 17609470.100822 10173764.672727 0.000000 0.000000 14434155.105857 0.000000 0.000000 0.000000
2100 19 0 0.000000 15748819.156861 59005.339244 3171987.308802 460055.774097 0.000000 7000980.860183 2775006.747486 7009406.810889 5156234.212131 0.000000 0.000000 7289356.723689 0.000000 0.000000
2111 19 1 12890679.646146 0.000000 15894339.226868 14244217.211574 843595.511997 0.000000 0.000000 2671544.562137 7362790.700588 10955.646790 0.000000 0.000000 823400.835437 0.000000 0.000000
2122 19 2 156628.094860 19963193.226835 0.000000 23278544.707131 447230.684881 0.000000 0.000000 906871.083705 7353109.715737 747584.666517 262.871547 4404.886739 11099.778381 0.000000 0.000000
2133 19 3 6311197.111094 15150235.185035 24587123.495103 0.000000 12568785.936726 0.000000 89442.965594 0.000000 41624.116084 2342585.918841 0.000000 0.000000 0.000000 0.000000 0.000000
2144 19 4 1399132.027035 863267.961511 421519.743311 18619270.328594 0.000000 20518881.991139 6323658.527234 0.000000 8873959.413073 32531.403247 0.000000 712579.384307 0.000000 0.000000 0.000000
2155 19 5 87156.268503 46988.800390 13492.250709 1611.141601 18897583.005012 0.000000 16556897.905136 8737454.786120 11528913.258923 1398057.152756 0.000000 0.000000 0.000000 0.000000 0.000000
2166 19 6 6521014.394081 31636.287067 0.000000 4653.013810 6914984.331516 26211330.531715 0.000000 14391407.195703 1195655.413628 3789318.505096 0.000000 0.000000 0.000000 0.000000 0.000000
2177 19 7 1023400.254392 2365876.783832 1940871.918845 0.000000 0.000000 12227907.533760 14846660.331526 0.000000 21570.965799 6089.604422 0.000000 6167336.509052 0.000000 0.000000 0.000000
2188 19 8 3258162.202910 3228587.185881 5536979.654808 2580.212792 4734949.704404 7860941.255972 0.000000 4881.897772 0.000000 27367778.841392 0.000000 12633206.172562 0.000000 0.000000 0.000000
2199 19 9 2232927.204212 0.000000 138422.196598 1206224.780161 0.000000 1104944.417275 3883892.177956 9030.659647 28930191.993884 0.000000 0.000000 0.000000 0.000000 0.000000 0.000000
2210 20 0 0.000000 9255838.983764 5653310.880626 0.000000 0.000000 1926496.916765 2659958.314304 0.000000 0.000000 4084744.029616 0.000000 8154065.960330 0.000000 0.000000 0.000000
2221 20 1 10815479.456367 0.000000 13511558.815235 10810123.019033 2775136.736204 1637296.191115 422812.964026 1715604.887051 985919.079434 4811053.476170 0.000000 1439662.963938 14881490.891223 0.000000 0.000000
2232 20 2 6582955.405477 12577581.518874 0.000000 27897557.376286 8287025.411671 7044802.878292 1793202.521498 3031416.556923 4965033.625858 5103504.785170 3212.136731 0.000000 3829091.243252 0.000000 0.000000
2243 20 3 17918.460007 9987366.814975 28979651.461487 0.000000 26842525.422619 2019576.455195 1901119.994770 3944594.572254 2012.019848 4078350.073051 0.000000 0.000000 0.000000 0.000000 0.000000
2254 20 4 20843.539679 10946909.315257 7804852.784309 30039241.002973 0.000000 9748870.817022 5250.695205 5665860.655678 1585984.091222 384021.398326 0.000000 0.000000 0.000000 0.000000 0.000000
2265 20 5 8733409.309449 13390199.965014 8555140.986928 373837.718758 18987929.868027 0.000000 10335227.586651 17471100.968307 1354574.134035 449034.126649 0.000000 3253294.593610 0.000000 0.000000 0.000000
2276 20 6 5316032.267389 5472141.277952 3353815.410341 2842293.571491 1572.495379 10450235.010920 0.000000 8482887.025273 8885033.075414 617763.770107 0.000000 0.000000 0.000000 0.000000 0.000000
2287 20 7 18203.565439 10108427.990121 4055705.298447 5062730.763645 7259609.458997 14422123.298968 7266311.518711 0.000000 17205206.051215 441118.174910 0.000000 3043820.642616 0.000000 0.000000 0.000000
2298 20 8 0.000000 6414227.070125 3319989.274155 0.000000 625225.781376 1779840.394138 10543813.671275 19795550.926571 0.000000 17859146.526602 0.000000 871840.934513 0.000000 0.000000 0.000000
2309 20 9 8724584.507050 12310189.969045 3529242.777370 2581134.414593 1069.505299 3063.272848 13559.103174 4970.112446 11161700.930566 0.000000 0.000000 5276228.279206 0.000000 0.000000 0.000000
2320 21 0 0.000000 25121164.679120 2136302.132725 3737132.441430 496919.433406 0.000000 1720647.592408 1008554.957202 456398.232267 1023462.661817 0.000000 0.000000 11115552.305326 0.000000 0.000000
2331 21 1 25040061.419384 0.000000 19317179.655735 2191351.921207 7372980.026927 1491826.083736 0.000000 0.000000 169101.714689 0.000000 0.000000 1697698.369225 0.000000 0.000000 0.000000
2342 21 2 7522811.789011 19485644.244771 0.000000 17127683.894448 9705325.413950 3760923.847825 85158.675564 187037.564473 22232.766042 411088.408292 7460.650573 26.194648 15243486.146162 0.000000 0.000000
2353 21 3 4928934.447674 787973.973826 18911741.379824 0.000000 16411367.497302 11976542.189459 13907.197992 0.000000 0.000000 134782.647557 0.000000 0.000000 7185.943997 0.000000 0.000000
2364 21 4 7091909.302464 8647274.224356 9790059.905186 22934441.423780 0.000000 15490579.351757 31803.750558 0.000000 3329.628334 130822.329286 5186.942939 4826.849782 0.000000 0.000000 0.000000
2375 21 5 33056.098194 2492595.588955 6048836.809278 11809403.012721 15431956.964403 0.000000 9502.288196 0.000000 0.000000 71109.459903 0.000000 0.000000 0.000000 0.000000 0.000000
2386 21 6 8100095.248987 3535.481064 1331084.543252 5482.367446 0.000000 3039.458513 0.000000 23997469.998661 6882245.607665 6615585.324708 0.000000 281576.944971 0.000000 0.000000 0.000000
2397 21 7 2777768.517125 8955.566122 4324114.711418 129.566822 0.000000 0.000000 28838997.285710 0.000000 19965752.623867 11510172.958812 0.000000 6279.024579 0.000000 0.000000 0.000000
2408 21 8 1772291.927213 452651.806115 4079114.056993 7134.255924 0.000000 0.000000 7787159.156475 18990547.291938 0.000000 10094884.391954 0.000000 371633.304255 0.000000 0.000000 0.000000
2419 21 9 4261694.140969 7564.602603 12564433.329601 2736.301340 0.000000 0.000000 7933311.852541 12866444.892547 10883329.484421 0.000000 0.000000 86835.884482 0.000000 0.000000 0.000000
2430 22 0 0.000000 27335798.728375 6740062.236869 362011.688575 7180.855729 80765.155413 3655781.066019 4395985.138574 0.000000 7535.583308 0.000000 0.000000 2590712.680325 0.000000 0.000000
2441 22 1 26902734.777230 0.000000 28604452.652522 3856125.807511 227215.836682 368923.116577 587602.974568 3868740.811495 497693.121706 2041.346332 0.000000 0.000000 11838548.005764 0.000000 0.000000
2452 22 2 7812868.823978 30958368.128827 0.000000 7548770.088716 0.000000 51783.107797 0.000000 97201.918118 5532407.040340 1234909.884359 0.000000 0.000000 0.000000 0.000000 0.000000
2463 22 3 34297.518034 19831259.957747 20827832.801950 0.000000 8059252.016206 12857027.256042 2834817.143982 2632793.950890 0.000000 5023542.283124 0.000000 0.000000 1109206.090958 0.000000 0.000000
2474 22 4 38878.601149 11511895.432685 0.000000 10622274.061077 0.000000 7517113.646264 11031946.151824 4303890.911073 0.000000 114762.208990 0.000000 0.000000 0.000000 0.000000 0.000000
2485 22 5 2065757.307712 9242033.118395 1265.646738 16737610.916477 7014979.823764 0.000000 15092811.221702 0.000000 6134673.621368 10417.401114 0.000000 0.000000 0.000000 0.000000 0.000000
2496 22 6 2212037.336668 13654149.081541 0.000000 4411853.033496 10353181.198166 18125630.261021 0.000000 15171317.281243 1234.163320 3297402.950090 0.000000 0.000000 0.000000 0.000000 0.000000
2507 22 7 2886879.454497 10360244.468144 239382.575461 2527816.352878 4578330.673002 0.000000 10707029.280351 0.000000 19067761.653478 13841924.605711 0.000000 319804.705933 0.000000 0.000000 0.000000
2518 22 8 734.233209 7976965.297980 2991771.177897 31797.881788 2083.530976 6620131.975117 88042.152705 19817941.809427 0.000000 20386220.692947 0.000000 0.000000 0.000000 0.000000 0.000000
2529 22 9 6092.753368 6000.078967 2579518.737160 3261353.954995 312516.990260 0.000000 4192233.206879 13966722.441668 21159880.150874 0.000000 0.000000 583508.576363 0.000000 0.000000 0.000000
2540 23 0 0.000000 0.000000 0.000000 0.000000 0.000000 0.000000 0.000000 0.000000 0.000000 0.000000 0.000000 0.000000 0.000000 0.000000 0.000000
2551 23 1 6389.221291 0.000000 0.000000 0.000000 0.000000 0.000000 0.000000 0.000000 0.000000 0.000000 0.000000 0.000000 0.000000 0.000000 0.000000
2562 23 2 2150523.845666 0.000000 0.000000 0.000000 0.000000 0.000000 0.000000 0.000000 0.000000 0.000000 0.000000 0.000000 224632.306898 0.000000 0.000000
2573 23 3 0.000000 0.000000 0.000000 0.000000 0.000000 0.000000 0.000000 0.000000 0.000000 0.000000 0.000000 0.000000 0.000000 0.000000 0.000000
2584 23 4 26404.128375 0.000000 0.000000 0.000000 0.000000 0.000000 0.000000 0.000000 0.000000 0.000000 0.000000 0.000000 0.000000 0.000000 0.000000
2595 23 5 2494.233342 0.000000 0.000000 0.000000 0.000000 0.000000 0.000000 0.000000 0.000000 0.000000 0.000000 0.000000 0.000000 0.000000 0.000000
2606 23 6 0.000000 0.000000 0.000000 0.000000 0.000000 0.000000 0.000000 0.000000 0.000000 0.000000 0.000000 0.000000 0.000000 0.000000 0.000000
2617 23 7 0.000000 0.000000 0.000000 0.000000 0.000000 0.000000 0.000000 0.000000 0.000000 0.000000 0.000000 0.000000 0.000000 0.000000 0.000000
2628 23 8 0.000000 0.000000 0.000000 0.000000 0.000000 0.000000 0.000000 0.000000 0.000000 0.000000 0.000000 0.000000 0.000000 0.000000 0.000000
2639 23 9 2261.810110 0.000000 0.000000 0.000000 0.000000 0.000000 0.000000 0.000000 0.000000 0.000000 0.000000 0.000000 0.000000 0.000000 0.000000
2650 24 0 0.000000 0.000000 0.000000 0.000000 0.000000 0.000000 0.000000 0.000000 0.000000 0.000000 0.000000 0.000000 0.000000 0.000000 0.000000
2661 24 1 0.000000 0.000000 0.000000 0.000000 0.000000 0.000000 0.000000 0.000000 0.000000 0.000000 0.000000 0.000000 0.000000 0.000000 0.000000
2672 24 2 0.000000 0.000000 0.000000 0.000000 0.000000 0.000000 0.000000 0.000000 0.000000 0.000000 0.000000 0.000000 0.000000 0.000000 0.000000
2683 24 3 0.000000 0.000000 0.000000 0.000000 0.000000 0.000000 0.000000 0.000000 0.000000 0.000000 0.000000 0.000000 0.000000 0.000000 0.000000
2694 24 4 0.000000 0.000000 0.000000 0.000000 0.000000 0.000000 0.000000 0.000000 0.000000 0.000000 0.000000 0.000000 0.000000 0.000000 0.000000
2705 24 5 0.000000 0.000000 0.000000 0.000000 0.000000 0.000000 0.000000 0.000000 0.000000 0.000000 0.000000 0.000000 0.000000 0.000000 0.000000
2716 24 6 0.000000 0.000000 0.000000 0.000000 0.000000 0.000000 0.000000 0.000000 0.000000 0.000000 0.000000 0.000000 0.000000 0.000000 0.000000
2727 24 7 0.000000 0.000000 0.000000 0.000000 0.000000 0.000000 0.000000 0.000000 0.000000 0.000000 0.000000 0.000000 0.000000 0.000000 0.000000
2738 24 8 0.000000 0.000000 0.000000 0.000000 0.000000 0.000000 0.000000 0.000000 0.000000 0.000000 0.000000 0.000000 0.000000 0.000000 0.000000
2749 24 9 0.000000 0.000000 0.000000 0.000000 0.000000 0.000000 0.000000 0.000000 0.000000 0.000000 0.000000 0.000000 0.000000 0.000000 0.000000
2760 25 0 0.000000 0.000000 0.000000 0.000000 0.000000 0.000000 0.000000 0.000000 0.000000 0.000000 0.000000 0.000000 0.000000 0.000000 0.000000
2771 25 1 0.000000 0.000000 0.000000 0.000000 0.000000 0.000000 0.000000 0.000000 0.000000 0.000000 0.000000 0.000000 0.000000 0.000000 0.000000
2782 25 2 0.000000 103.403495 0.000000 0.000000 0.000000 0.000000 0.000000 0.000000 0.000000 0.000000 0.000000 0.000000 0.000000 0.000000 0.000000
2793 25 3 0.000000 0.000000 0.000000 0.000000 0.000000 0.000000 0.000000 0.000000 0.000000 0.000000 0.000000 0.000000 0.000000 0.000000 0.000000
2804 25 4 0.000000 0.000000 0.000000 0.000000 0.000000 0.000000 0.000000 0.000000 0.000000 0.000000 0.000000 0.000000 0.000000 0.000000 0.000000
2815 25 5 0.000000 0.000000 0.000000 0.000000 0.000000 0.000000 0.000000 0.000000 0.000000 0.000000 0.000000 0.000000 0.000000 0.000000 0.000000
2826 25 6 0.000000 0.000000 0.000000 0.000000 0.000000 0.000000 0.000000 0.000000 0.000000 0.000000 0.000000 0.000000 0.000000 0.000000 0.000000
2837 25 7 0.000000 0.000000 0.000000 0.000000 0.000000 0.000000 0.000000 0.000000 0.000000 0.000000 0.000000 0.000000 0.000000 0.000000 0.000000
2848 25 8 0.000000 0.000000 0.000000 0.000000 0.000000 0.000000 0.000000 0.000000 0.000000 0.000000 0.000000 0.000000 0.000000 0.000000 0.000000
2859 25 9 0.000000 0.000000 0.000000 0.000000 0.000000 0.000000 0.000000 0.000000 0.000000 0.000000 0.000000 0.000000 0.000000 0.000000 0.000000
2870 26 0 0.000000 0.000000 0.000000 0.000000 0.000000 0.000000 0.000000 0.000000 0.000000 0.000000 0.000000 0.000000 0.000000 0.000000 0.000000
2881 26 1 474.645346 0.000000 0.000000 0.000000 0.000000 0.000000 0.000000 0.000000 0.000000 0.000000 0.000000 0.000000 0.000000 0.000000 0.000000
2892 26 2 0.000000 5488.102828 0.000000 0.000000 0.000000 0.000000 0.000000 0.000000 0.000000 0.000000 0.000000 0.000000 0.000000 0.000000 0.000000
2903 26 3 0.000000 0.000000 0.000000 0.000000 0.000000 0.000000 0.000000 0.000000 0.000000 0.000000 0.000000 0.000000 0.000000 0.000000 0.000000
2914 26 4 0.000000 0.000000 0.000000 0.000000 0.000000 0.000000 0.000000 0.000000 0.000000 0.000000 0.000000 0.000000 0.000000 0.000000 0.000000
2925 26 5 0.000000 0.000000 0.000000 0.000000 0.000000 0.000000 0.000000 0.000000 0.000000 0.000000 0.000000 0.000000 0.000000 0.000000 0.000000
2936 26 6 0.000000 0.000000 0.000000 0.000000 0.000000 0.000000 0.000000 0.000000 0.000000 0.000000 0.000000 0.000000 0.000000 0.000000 0.000000
2947 26 7 0.000000 0.000000 0.000000 0.000000 0.000000 0.000000 0.000000 0.000000 0.000000 0.000000 0.000000 0.000000 0.000000 0.000000 0.000000
2958 26 8 0.000000 0.000000 0.000000 0.000000 0.000000 0.000000 0.000000 0.000000 0.000000 0.000000 0.000000 0.000000 0.000000 0.000000 0.000000
2969 26 9 0.000000 0.000000 0.000000 0.000000 0.000000 0.000000 0.000000 0.000000 0.000000 0.000000 0.000000 0.000000 0.000000 0.000000 0.000000
2980 27 0 0.000000 0.000000 0.000000 0.000000 0.000000 0.000000 0.000000 0.000000 0.000000 0.000000 0.000000 0.000000 0.000000 0.000000 0.000000
2991 27 1 79.504788 0.000000 0.000000 0.000000 0.000000 0.000000 0.000000 0.000000 0.000000 0.000000 0.000000 0.000000 0.000000 0.000000 0.000000
3002 27 2 0.000000 0.000000 0.000000 0.000000 0.000000 0.000000 0.000000 0.000000 0.000000 0.000000 0.000000 0.000000 0.000000 0.000000 0.000000
3013 27 3 0.000000 0.000000 0.000000 0.000000 0.000000 0.000000 0.000000 0.000000 0.000000 0.000000 0.000000 0.000000 0.000000 0.000000 0.000000
3024 27 4 0.000000 0.000000 0.000000 0.000000 0.000000 0.000000 0.000000 0.000000 0.000000 0.000000 0.000000 0.000000 0.000000 0.000000 0.000000
3035 27 5 0.000000 0.000000 0.000000 0.000000 0.000000 0.000000 0.000000 0.000000 0.000000 0.000000 0.000000 0.000000 0.000000 0.000000 0.000000
3046 27 6 0.000000 0.000000 0.000000 0.000000 0.000000 0.000000 0.000000 0.000000 0.000000 0.000000 0.000000 0.000000 0.000000 0.000000 0.000000
3057 27 7 0.000000 0.000000 0.000000 0.000000 0.000000 0.000000 0.000000 0.000000 0.000000 0.000000 0.000000 0.000000 0.000000 0.000000 0.000000
3068 27 8 0.000000 0.000000 0.000000 0.000000 0.000000 0.000000 0.000000 0.000000 0.000000 0.000000 0.000000 0.000000 0.000000 0.000000 0.000000
3079 27 9 0.000000 0.000000 0.000000 0.000000 0.000000 0.000000 0.000000 0.000000 0.000000 0.000000 0.000000 0.000000 0.000000 0.000000 0.000000
3090 28 0 0.000000 0.000000 0.000000 0.000000 0.000000 0.000000 0.000000 0.000000 0.000000 0.000000 0.000000 0.000000 0.000000 0.000000 0.000000
3101 28 1 1632.816411 0.000000 0.000000 0.000000 0.000000 0.000000 0.000000 0.000000 0.000000 0.000000 0.000000 0.000000 0.000000 0.000000 0.000000
3112 28 2 0.000000 2357.590035 0.000000 0.000000 0.000000 0.000000 0.000000 0.000000 0.000000 0.000000 0.000000 0.000000 0.000000 0.000000 0.000000
3123 28 3 0.000000 0.000000 0.000000 0.000000 0.000000 0.000000 0.000000 0.000000 0.000000 0.000000 0.000000 0.000000 0.000000 0.000000 0.000000
3134 28 4 0.000000 0.000000 0.000000 0.000000 0.000000 0.000000 0.000000 0.000000 0.000000 0.000000 0.000000 0.000000 0.000000 0.000000 0.000000
3145 28 5 0.000000 0.000000 0.000000 0.000000 0.000000 0.000000 0.000000 0.000000 0.000000 0.000000 0.000000 0.000000 0.000000 0.000000 0.000000
3156 28 6 0.000000 0.000000 0.000000 0.000000 0.000000 0.000000 0.000000 0.000000 0.000000 0.000000 0.000000 0.000000 0.000000 0.000000 0.000000
3167 28 7 0.000000 0.000000 0.000000 0.000000 0.000000 0.000000 0.000000 0.000000 0.000000 0.000000 0.000000 0.000000 0.000000 0.000000 0.000000
3178 28 8 0.000000 0.000000 0.000000 0.000000 0.000000 0.000000 0.000000 0.000000 0.000000 0.000000 0.000000 0.000000 0.000000 0.000000 0.000000
3189 28 9 0.000000 0.000000 0.000000 0.000000 0.000000 0.000000 0.000000 0.000000 0.000000 0.000000 0.000000 0.000000 0.000000 0.000000 0.000000
3200 29 0 0.000000 0.000000 0.000000 0.000000 0.000000 0.000000 0.000000 0.000000 0.000000 0.000000 0.000000 0.000000 0.000000 0.000000 0.000000
3211 29 1 4040.534882 0.000000 0.000000 0.000000 0.000000 0.000000 0.000000 0.000000 0.000000 0.000000 0.000000 0.000000 0.000000 0.000000 0.000000
3222 29 2 0.000000 3018.047410 0.000000 0.000000 0.000000 0.000000 0.000000 0.000000 0.000000 0.000000 0.000000 0.000000 0.000000 0.000000 0.000000
3233 29 3 0.000000 0.000000 0.000000 0.000000 0.000000 0.000000 0.000000 0.000000 0.000000 0.000000 0.000000 0.000000 0.000000 0.000000 0.000000
3244 29 4 0.000000 0.000000 0.000000 0.000000 0.000000 0.000000 0.000000 0.000000 0.000000 0.000000 0.000000 0.000000 0.000000 0.000000 0.000000
3255 29 5 0.000000 0.000000 0.000000 0.000000 0.000000 0.000000 0.000000 0.000000 0.000000 0.000000 0.000000 0.000000 0.000000 0.000000 0.000000
3266 29 6 0.000000 0.000000 0.000000 0.000000 0.000000 0.000000 0.000000 0.000000 0.000000 0.000000 0.000000 0.000000 0.000000 0.000000 0.000000
3277 29 7 0.000000 0.000000 0.000000 0.000000 0.000000 0.000000 0.000000 0.000000 0.000000 0.000000 0.000000 0.000000 0.000000 0.000000 0.000000
3288 29 8 0.000000 0.000000 0.000000 0.000000 0.000000 0.000000 0.000000 0.000000 0.000000 0.000000 0.000000 0.000000 0.000000 0.000000 0.000000
3299 29 9 0.000000 0.000000 0.000000 0.000000 0.000000 0.000000 0.000000 0.000000 0.000000 0.000000 0.000000 0.000000 0.000000 0.000000 0.000000
3310 30 0 0.000000 0.000000 0.000000 0.000000 0.000000 0.000000 0.000000 0.000000 0.000000 0.000000 0.000000 0.000000 0.000000 0.000000 0.000000
3321 30 1 0.000000 0.000000 0.000000 0.000000 0.000000 0.000000 0.000000 0.000000 0.000000 0.000000 0.000000 0.000000 0.000000 0.000000 0.000000
3332 30 2 0.000000 0.000000 0.000000 0.000000 0.000000 0.000000 0.000000 0.000000 0.000000 0.000000 0.000000 0.000000 0.000000 0.000000 0.000000
3343 30 3 0.000000 0.000000 0.000000 0.000000 0.000000 0.000000 0.000000 0.000000 0.000000 0.000000 0.000000 0.000000 0.000000 0.000000 0.000000
3354 30 4 0.000000 0.000000 0.000000 0.000000 0.000000 0.000000 0.000000 0.000000 0.000000 0.000000 0.000000 0.000000 0.000000 0.000000 0.000000
3365 30 5 0.000000 0.000000 0.000000 0.000000 0.000000 0.000000 0.000000 0.000000 0.000000 0.000000 0.000000 0.000000 0.000000 0.000000 0.000000
3376 30 6 0.000000 0.000000 0.000000 0.000000 0.000000 0.000000 0.000000 0.000000 0.000000 0.000000 0.000000 0.000000 0.000000 0.000000 0.000000
3387 30 7 0.000000 0.000000 0.000000 0.000000 0.000000 0.000000 0.000000 0.000000 0.000000 0.000000 0.000000 0.000000 0.000000 0.000000 0.000000
3398 30 8 0.000000 0.000000 0.000000 0.000000 0.000000 0.000000 0.000000 0.000000 0.000000 0.000000 0.000000 0.000000 0.000000 0.000000 0.000000
3409 30 9 0.000000 0.000000 0.000000 0.000000 0.000000 0.000000 0.000000 0.000000 0.000000 0.000000 0.000000 0.000000 0.000000 0.000000 0.000000
3420 31 0 0.000000 0.000000 0.000000 0.000000 0.000000 0.000000 0.000000 0.000000 0.000000 0.000000 0.000000 0.000000 0.000000 0.000000 0.000000
3431 31 1 49.842936 0.000000 0.000000 0.000000 0.000000 0.000000 0.000000 0.000000 0.000000 0.000000 0.000000 0.000000 0.000000 0.000000 0.000000
3442 31 2 0.000000 0.000000 0.000000 0.000000 0.000000 0.000000 0.000000 0.000000 0.000000 0.000000 0.000000 0.000000 0.000000 0.000000 0.000000
3453 31 3 0.000000 0.000000 0.000000 0.000000 0.000000 0.000000 0.000000 0.000000 0.000000 0.000000 0.000000 0.000000 0.000000 0.000000 0.000000
3464 31 4 0.000000 0.000000 0.000000 0.000000 0.000000 0.000000 0.000000 0.000000 0.000000 0.000000 0.000000 0.000000 0.000000 0.000000 0.000000
3475 31 5 0.000000 0.000000 0.000000 0.000000 0.000000 0.000000 0.000000 0.000000 0.000000 0.000000 0.000000 0.000000 0.000000 0.000000 0.000000
3486 31 6 0.000000 0.000000 0.000000 0.000000 0.000000 0.000000 0.000000 0.000000 0.000000 0.000000 0.000000 0.000000 0.000000 0.000000 0.000000
3497 31 7 0.000000 0.000000 0.000000 0.000000 0.000000 0.000000 0.000000 0.000000 0.000000 0.000000 0.000000 0.000000 0.000000 0.000000 0.000000
3508 31 8 0.000000 0.000000 0.000000 0.000000 0.000000 0.000000 0.000000 0.000000 0.000000 0.000000 0.000000 0.000000 0.000000 0.000000 0.000000
3519 31 9 0.000000 0.000000 0.000000 0.000000 0.000000 0.000000 0.000000 0.000000 0.000000 0.000000 0.000000 0.000000 0.000000 0.000000 0.000000
3530 32 0 0.000000 0.000000 0.000000 0.000000 0.000000 0.000000 0.000000 0.000000 0.000000 0.000000 0.000000 0.000000 0.000000 0.000000 0.000000
3541 32 1 6700.946734 0.000000 0.000000 0.000000 0.000000 0.000000 0.000000 0.000000 0.000000 0.000000 0.000000 0.000000 0.000000 0.000000 0.000000
3552 32 2 0.000000 0.000000 0.000000 0.000000 0.000000 0.000000 0.000000 0.000000 0.000000 0.000000 0.000000 0.000000 0.000000 0.000000 0.000000
3563 32 3 0.000000 0.000000 0.000000 0.000000 0.000000 0.000000 0.000000 0.000000 0.000000 0.000000 0.000000 0.000000 0.000000 0.000000 0.000000
3574 32 4 0.000000 0.000000 0.000000 0.000000 0.000000 0.000000 0.000000 0.000000 0.000000 0.000000 0.000000 0.000000 0.000000 0.000000 0.000000
3585 32 5 0.000000 0.000000 0.000000 0.000000 0.000000 0.000000 0.000000 0.000000 0.000000 0.000000 0.000000 0.000000 0.000000 0.000000 0.000000
3596 32 6 0.000000 0.000000 0.000000 0.000000 0.000000 0.000000 0.000000 0.000000 0.000000 0.000000 0.000000 0.000000 0.000000 0.000000 0.000000
3607 32 7 0.000000 0.000000 0.000000 0.000000 0.000000 0.000000 0.000000 0.000000 0.000000 0.000000 0.000000 0.000000 0.000000 0.000000 0.000000
3618 32 8 0.000000 0.000000 0.000000 0.000000 0.000000 0.000000 0.000000 0.000000 0.000000 0.000000 0.000000 0.000000 0.000000 0.000000 0.000000
3629 32 9 0.000000 0.000000 0.000000 0.000000 0.000000 0.000000 0.000000 0.000000 0.000000 0.000000 0.000000 0.000000 0.000000 0.000000 0.000000
3640 33 0 0.000000 0.000000 0.000000 0.000000 0.000000 0.000000 0.000000 0.000000 0.000000 0.000000 0.000000 0.000000 0.000000 0.000000 0.000000
3651 33 1 0.000000 0.000000 0.000000 0.000000 0.000000 0.000000 0.000000 0.000000 0.000000 0.000000 0.000000 0.000000 0.000000 0.000000 0.000000
3662 33 2 0.000000 0.000000 0.000000 0.000000 0.000000 0.000000 0.000000 0.000000 0.000000 0.000000 0.000000 0.000000 0.000000 0.000000 0.000000
3673 33 3 0.000000 0.000000 0.000000 0.000000 0.000000 0.000000 0.000000 0.000000 0.000000 0.000000 0.000000 0.000000 0.000000 0.000000 0.000000
3684 33 4 0.000000 0.000000 0.000000 0.000000 0.000000 0.000000 0.000000 0.000000 0.000000 0.000000 0.000000 0.000000 0.000000 0.000000 0.000000
3695 33 5 0.000000 0.000000 0.000000 0.000000 0.000000 0.000000 0.000000 0.000000 0.000000 0.000000 0.000000 0.000000 0.000000 0.000000 0.000000
3706 33 6 0.000000 0.000000 0.000000 0.000000 0.000000 0.000000 0.000000 0.000000 0.000000 0.000000 0.000000 0.000000 0.000000 0.000000 0.000000
3717 33 7 0.000000 0.000000 0.000000 0.000000 0.000000 0.000000 0.000000 0.000000 0.000000 0.000000 0.000000 0.000000 0.000000 0.000000 0.000000
3728 33 8 0.000000 0.000000 0.000000 0.000000 0.000000 0.000000 0.000000 0.000000 0.000000 0.000000 0.000000 0.000000 0.000000 0.000000 0.000000
3739 33 9 0.000000 0.000000 0.000000 0.000000 0.000000 0.000000 0.000000 0.000000 0.000000 0.000000 0.000000 0.000000 0.000000 0.000000 0.000000
3750 34 0 0.000000 0.000000 0.000000 0.000000 0.000000 0.000000 0.000000 0.000000 0.000000 0.000000 0.000000 0.000000 0.000000 0.000000 0.000000
3761 34 1 4861.948580 0.000000 0.000000 0.000000 0.000000 0.000000 0.000000 0.000000 0.000000 0.000000 0.000000 0.000000 0.000000 0.000000 0.000000
3772 34 2 0.000000 0.000000 0.000000 0.000000 0.000000 0.000000 0.000000 0.000000 0.000000 0.000000 0.000000 0.000000 0.000000 0.000000 0.000000
3783 34 3 0.000000 0.000000 0.000000 0.000000 0.000000 0.000000 0.000000 0.000000 0.000000 0.000000 0.000000 0.000000 0.000000 0.000000 0.000000
3794 34 4 0.000000 0.000000 0.000000 0.000000 0.000000 0.000000 0.000000 0.000000 0.000000 0.000000 0.000000 0.000000 0.000000 0.000000 0.000000
3805 34 5 0.000000 0.000000 0.000000 0.000000 0.000000 0.000000 0.000000 0.000000 0.000000 0.000000 0.000000 0.000000 0.000000 0.000000 0.000000
3816 34 6 0.000000 0.000000 0.000000 0.000000 0.000000 0.000000 0.000000 0.000000 0.000000 0.000000 0.000000 0.000000 0.000000 0.000000 0.000000
3827 34 7 0.000000 0.000000 0.000000 0.000000 0.000000 0.000000 0.000000 0.000000 0.000000 0.000000 0.000000 0.000000 0.000000 0.000000 0.000000
3838 34 8 0.000000 0.000000 0.000000 0.000000 0.000000 0.000000 0.000000 0.000000 0.000000 0.000000 0.000000 0.000000 0.000000 0.000000 0.000000
3849 34 9 0.000000 0.000000 0.000000 0.000000 0.000000 0.000000 0.000000 0.000000 0.000000 0.000000 0.000000 0.000000 0.000000 0.000000 0.000000
3860 35 0 0.000000 0.000000 0.000000 0.000000 0.000000 0.000000 0.000000 0.000000 0.000000 0.000000 0.000000 0.000000 0.000000 0.000000 0.000000
3871 35 1 3002.859950 0.000000 0.000000 0.000000 0.000000 0.000000 0.000000 0.000000 0.000000 0.000000 0.000000 0.000000 0.000000 0.000000 0.000000
3882 35 2 0.000000 3848.421537 0.000000 0.000000 0.000000 0.000000 0.000000 0.000000 0.000000 0.000000 0.000000 0.000000 0.000000 0.000000 0.000000
3893 35 3 0.000000 0.000000 0.000000 0.000000 0.000000 0.000000 0.000000 0.000000 0.000000 0.000000 0.000000 0.000000 0.000000 0.000000 0.000000
3904 35 4 0.000000 0.000000 0.000000 0.000000 0.000000 0.000000 0.000000 0.000000 0.000000 0.000000 0.000000 0.000000 0.000000 0.000000 0.000000
3915 35 5 0.000000 0.000000 0.000000 0.000000 0.000000 0.000000 0.000000 0.000000 0.000000 0.000000 0.000000 0.000000 0.000000 0.000000 0.000000
3926 35 6 0.000000 0.000000 0.000000 0.000000 0.000000 0.000000 0.000000 0.000000 0.000000 0.000000 0.000000 0.000000 0.000000 0.000000 0.000000
3937 35 7 0.000000 0.000000 0.000000 0.000000 0.000000 0.000000 0.000000 0.000000 0.000000 0.000000 0.000000 0.000000 0.000000 0.000000 0.000000
3948 35 8 0.000000 0.000000 0.000000 0.000000 0.000000 0.000000 0.000000 0.000000 0.000000 0.000000 0.000000 0.000000 0.000000 0.000000 0.000000
3959 35 9 0.000000 0.000000 0.000000 0.000000 0.000000 0.000000 0.000000 0.000000 0.000000 0.000000 0.000000 0.000000 0.000000 0.000000 0.000000
3970 36 0 0.000000 0.000000 0.000000 0.000000 0.000000 0.000000 0.000000 0.000000 0.000000 0.000000 0.000000 0.000000 0.000000 0.000000 0.000000
3981 36 1 2775.089297 0.000000 0.000000 0.000000 0.000000 0.000000 0.000000 0.000000 0.000000 0.000000 0.000000 0.000000 0.000000 0.000000 0.000000
3992 36 2 0.000000 7879.420205 0.000000 0.000000 0.000000 0.000000 0.000000 0.000000 0.000000 0.000000 0.000000 0.000000 0.000000 0.000000 0.000000
4003 36 3 0.000000 0.000000 0.000000 0.000000 0.000000 0.000000 0.000000 0.000000 0.000000 0.000000 0.000000 0.000000 0.000000 0.000000 0.000000
4014 36 4 0.000000 0.000000 0.000000 0.000000 0.000000 0.000000 0.000000 0.000000 0.000000 0.000000 0.000000 0.000000 0.000000 0.000000 0.000000
4025 36 5 0.000000 0.000000 0.000000 0.000000 0.000000 0.000000 0.000000 0.000000 0.000000 0.000000 0.000000 0.000000 0.000000 0.000000 0.000000
4036 36 6 0.000000 0.000000 0.000000 0.000000 0.000000 0.000000 0.000000 0.000000 0.000000 0.000000 0.000000 0.000000 0.000000 0.000000 0.000000
4047 36 7 0.000000 0.000000 0.000000 0.000000 0.000000 0.000000 0.000000 0.000000 0.000000 0.000000 0.000000 0.000000 0.000000 0.000000 0.000000
4058 36 8 0.000000 0.000000 0.000000 0.000000 0.000000 0.000000 0.000000 0.000000 0.000000 0.000000 0.000000 0.000000 0.000000 0.000000 0.000000
4069 36 9 0.000000 0.000000 0.000000 0.000000 0.000000 0.000000 0.000000 0.000000 0.000000 0.000000 0.000000 0.000000 0.000000 0.000000 0.000000
4080 37 0 0.000000 0.000000 0.000000 0.000000 0.000000 0.000000 0.000000 0.000000 0.000000 0.000000 0.000000 0.000000 0.000000 0.000000 0.000000
4091 37 1 19.792389 0.000000 0.000000 0.000000 0.000000 0.000000 0.000000 0.000000 0.000000 0.000000 0.000000 0.000000 0.000000 0.000000 0.000000
4102 37 2 0.000000 3622.068135 0.000000 0.000000 0.000000 0.000000 0.000000 0.000000 0.000000 0.000000 0.000000 0.000000 0.000000 0.000000 0.000000
4113 37 3 0.000000 0.000000 0.000000 0.000000 0.000000 0.000000 0.000000 0.000000 0.000000 0.000000 0.000000 0.000000 0.000000 0.000000 0.000000
4124 37 4 0.000000 0.000000 0.000000 0.000000 0.000000 0.000000 0.000000 0.000000 0.000000 0.000000 0.000000 0.000000 0.000000 0.000000 0.000000
4135 37 5 0.000000 0.000000 0.000000 0.000000 0.000000 0.000000 0.000000 0.000000 0.000000 0.000000 0.000000 0.000000 0.000000 0.000000 0.000000
4146 37 6 0.000000 0.000000 0.000000 0.000000 0.000000 0.000000 0.000000 0.000000 0.000000 0.000000 0.000000 0.000000 0.000000 0.000000 0.000000
4157 37 7 0.000000 0.000000 0.000000 0.000000 0.000000 0.000000 0.000000 0.000000 0.000000 0.000000 0.000000 0.000000 0.000000 0.000000 0.000000
4168 37 8 0.000000 0.000000 0.000000 0.000000 0.000000 0.000000 0.000000 0.000000 0.000000 0.000000 0.000000 0.000000 0.000000 0.000000 0.000000
4179 37 9 0.000000 0.000000 0.000000 0.000000 0.000000 0.000000 0.000000 0.000000 0.000000 0.000000 0.000000 0.000000 0.000000 0.000000 0.000000
4190 38 0 0.000000 0.000000 0.000000 0.000000 0.000000 0.000000 0.000000 0.000000 0.000000 0.000000 0.000000 0.000000 0.000000 0.000000 0.000000
4201 38 1 350.618843 0.000000 0.000000 0.000000 0.000000 0.000000 0.000000 0.000000 0.000000 0.000000 0.000000 0.000000 0.000000 0.000000 0.000000
4212 38 2 0.000000 0.000000 0.000000 0.000000 0.000000 0.000000 0.000000 0.000000 0.000000 0.000000 0.000000 0.000000 0.000000 0.000000 0.000000
4223 38 3 0.000000 0.000000 0.000000 0.000000 0.000000 0.000000 0.000000 0.000000 0.000000 0.000000 0.000000 0.000000 0.000000 0.000000 0.000000
4234 38 4 0.000000 0.000000 0.000000 0.000000 0.000000 0.000000 0.000000 0.000000 0.000000 0.000000 0.000000 0.000000 0.000000 0.000000 0.000000
4245 38 5 0.000000 0.000000 0.000000 0.000000 0.000000 0.000000 0.000000 0.000000 0.000000 0.000000 0.000000 0.000000 0.000000 0.000000 0.000000
4256 38 6 0.000000 0.000000 0.000000 0.000000 0.000000 0.000000 0.000000 0.000000 0.000000 0.000000 0.000000 0.000000 0.000000 0.000000 0.000000
4267 38 7 0.000000 0.000000 0.000000 0.000000 0.000000 0.000000 0.000000 0.000000 0.000000 0.000000 0.000000 0.000000 0.000000 0.000000 0.000000
4278 38 8 0.000000 0.000000 0.000000 0.000000 0.000000 0.000000 0.000000 0.000000 0.000000 0.000000 0.000000 0.000000 0.000000 0.000000 0.000000
4289 38 9 0.000000 0.000000 0.000000 0.000000 0.000000 0.000000 0.000000 0.000000 0.000000 0.000000 0.000000 0.000000 0.000000 0.000000 0.000000
4300 39 0 0.000000 0.000000 0.000000 0.000000 0.000000 0.000000 0.000000 0.000000 0.000000 0.000000 0.000000 0.000000 0.000000 0.000000 0.000000
4311 39 1 0.000000 0.000000 0.000000 0.000000 0.000000 0.000000 0.000000 0.000000 0.000000 0.000000 0.000000 0.000000 0.000000 0.000000 0.000000
4322 39 2 0.000000 0.000000 0.000000 0.000000 0.000000 0.000000 0.000000 0.000000 0.000000 0.000000 0.000000 0.000000 0.000000 0.000000 0.000000
4333 39 3 0.000000 0.000000 0.000000 0.000000 0.000000 0.000000 0.000000 0.000000 0.000000 0.000000 0.000000 0.000000 0.000000 0.000000 0.000000
4344 39 4 0.000000 0.000000 0.000000 0.000000 0.000000 0.000000 0.000000 0.000000 0.000000 0.000000 0.000000 0.000000 0.000000 0.000000 0.000000
4355 39 5 0.000000 0.000000 0.000000 0.000000 0.000000 0.000000 0.000000 0.000000 0.000000 0.000000 0.000000 0.000000 0.000000 0.000000 0.000000
4366 39 6 0.000000 0.000000 0.000000 0.000000 0.000000 0.000000 0.000000 0.000000 0.000000 0.000000 0.000000 0.000000 0.000000 0.000000 0.000000
4377 39 7 0.000000 0.000000 0.000000 0.000000 0.000000 0.000000 0.000000 0.000000 0.000000 0.000000 0.000000 0.000000 0.000000 0.000000 0.000000
4388 39 8 0.000000 0.000000 0.000000 0.000000 0.000000 0.000000 0.000000 0.000000 0.000000 0.000000 0.000000 0.000000 0.000000 0.000000 0.000000
4399 39 9 0.000000 0.000000 0.000000 0.000000 0.000000 0.000000 0.000000 0.000000 0.000000 0.000000 0.000000 0.000000 0.000000 0.000000 0.000000
4410 40 0 0.000000 0.000000 0.000000 0.000000 0.000000 0.000000 0.000000 0.000000 0.000000 0.000000 0.000000 0.000000 0.000000 0.000000 0.000000
4421 40 1 0.000000 0.000000 0.000000 0.000000 0.000000 0.000000 0.000000 0.000000 0.000000 0.000000 0.000000 0.000000 0.000000 0.000000 0.000000
4432 40 2 0.000000 0.000000 0.000000 0.000000 0.000000 0.000000 0.000000 0.000000 0.000000 0.000000 0.000000 0.000000 0.000000 0.000000 0.000000
4443 40 3 0.000000 0.000000 0.000000 0.000000 0.000000 0.000000 0.000000 0.000000 0.000000 0.000000 0.000000 0.000000 0.000000 0.000000 0.000000
4454 40 4 0.000000 0.000000 0.000000 0.000000 0.000000 0.000000 0.000000 0.000000 0.000000 0.000000 0.000000 0.000000 0.000000 0.000000 0.000000
4465 40 5 0.000000 0.000000 0.000000 0.000000 0.000000 0.000000 0.000000 0.000000 0.000000 0.000000 0.000000 0.000000 0.000000 0.000000 0.000000
4476 40 6 0.000000 0.000000 0.000000 0.000000 0.000000 0.000000 0.000000 0.000000 0.000000 0.000000 0.000000 0.000000 0.000000 0.000000 0.000000
4487 40 7 0.000000 0.000000 0.000000 0.000000 0.000000 0.000000 0.000000 0.000000 0.000000 0.000000 0.000000 0.000000 0.000000 0.000000 0.000000
4498 40 8 0.000000 0.000000 0.000000 0.000000 0.000000 0.000000 0.000000 0.000000 0.000000 0.000000 0.000000 0.000000 0.000000 0.000000 0.000000
4509 40 9 0.000000 0.000000 0.000000 0.000000 0.000000 0.000000 0.000000 0.000000 0.000000 0.000000 0.000000 0.000000 0.000000 0.000000 0.000000
4520 41 0 0.000000 0.000000 0.000000 0.000000 0.000000 0.000000 0.000000 0.000000 0.000000 0.000000 0.000000 0.000000 0.000000 0.000000 0.000000
4531 41 1 0.000000 0.000000 0.000000 0.000000 0.000000 0.000000 0.000000 0.000000 0.000000 0.000000 0.000000 0.000000 0.000000 0.000000 0.000000
4542 41 2 0.000000 0.000000 0.000000 0.000000 0.000000 0.000000 0.000000 0.000000 0.000000 0.000000 0.000000 0.000000 0.000000 0.000000 0.000000
4553 41 3 0.000000 0.000000 0.000000 0.000000 0.000000 0.000000 0.000000 0.000000 0.000000 0.000000 0.000000 0.000000 0.000000 0.000000 0.000000
4564 41 4 0.000000 0.000000 0.000000 0.000000 0.000000 0.000000 0.000000 0.000000 0.000000 0.000000 0.000000 0.000000 0.000000 0.000000 0.000000
4575 41 5 0.000000 0.000000 0.000000 0.000000 0.000000 0.000000 0.000000 0.000000 0.000000 0.000000 0.000000 0.000000 0.000000 0.000000 0.000000
4586 41 6 0.000000 0.000000 0.000000 0.000000 0.000000 0.000000 0.000000 0.000000 0.000000 0.000000 0.000000 0.000000 0.000000 0.000000 0.000000
4597 41 7 0.000000 0.000000 0.000000 0.000000 0.000000 0.000000 0.000000 0.000000 0.000000 0.000000 0.000000 0.000000 0.000000 0.000000 0.000000
4608 41 8 0.000000 0.000000 0.000000 0.000000 0.000000 0.000000 0.000000 0.000000 0.000000 0.000000 0.000000 0.000000 0.000000 0.000000 0.000000
4619 41 9 0.000000 0.000000 0.000000 0.000000 0.000000 0.000000 0.000000 0.000000 0.000000 0.000000 0.000000 0.000000 0.000000 0.000000 0.000000
4630 42 0 0.000000 0.000000 0.000000 0.000000 0.000000 0.000000 0.000000 0.000000 0.000000 0.000000 0.000000 0.000000 0.000000 0.000000 0.000000
4641 42 1 0.000000 0.000000 0.000000 0.000000 0.000000 0.000000 0.000000 0.000000 0.000000 0.000000 0.000000 0.000000 0.000000 0.000000 0.000000
4652 42 2 0.000000 0.000000 0.000000 0.000000 0.000000 0.000000 0.000000 0.000000 0.000000 0.000000 0.000000 0.000000 0.000000 0.000000 0.000000
4663 42 3 0.000000 0.000000 0.000000 0.000000 0.000000 0.000000 0.000000 0.000000 0.000000 0.000000 0.000000 0.000000 0.000000 0.000000 0.000000
4674 42 4 0.000000 0.000000 0.000000 0.000000 0.000000 0.000000 0.000000 0.000000 0.000000 0.000000 0.000000 0.000000 0.000000 0.000000 0.000000
4685 42 5 0.000000 0.000000 0.000000 0.000000 0.000000 0.000000 0.000000 0.000000 0.000000 0.000000 0.000000 0.000000 0.000000 0.000000 0.000000
4696 42 6 0.000000 0.000000 0.000000 0.000000 0.000000 0.000000 0.000000 0.000000 0.000000 0.000000 0.000000 0.000000 0.000000 0.000000 0.000000
4707 42 7 0.000000 0.000000 0.000000 0.000000 0.000000 0.000000 0.000000 0.000000 0.000000 0.000000 0.000000 0.000000 0.000000 0.000000 0.000000
4718 42 8 0.000000 0.000000 0.000000 0.000000 0.000000 0.000000 0.000000 0.000000 0.000000 0.000000 0.000000 0.000000 0.000000 0.000000 0.000000
4729 42 9 0.000000 0.000000 0.000000 0.000000 0.000000 0.000000 0.000000 0.000000 0.000000 0.000000 0.000000 0.000000 0.000000 0.000000 0.000000
4740 43 0 0.000000 0.000000 0.000000 0.000000 0.000000 0.000000 0.000000 0.000000 0.000000 0.000000 0.000000 0.000000 0.000000 0.000000 0.000000
4751 43 1 0.000000 0.000000 0.000000 0.000000 0.000000 0.000000 0.000000 0.000000 0.000000 0.000000 0.000000 0.000000 0.000000 0.000000 0.000000
4762 43 2 0.000000 883.404975 0.000000 0.000000 0.000000 0.000000 0.000000 0.000000 0.000000 0.000000 0.000000 0.000000 0.000000 0.000000 0.000000
4773 43 3 0.000000 0.000000 0.000000 0.000000 0.000000 0.000000 0.000000 0.000000 0.000000 0.000000 0.000000 0.000000 0.000000 0.000000 0.000000
4784 43 4 0.000000 0.000000 0.000000 0.000000 0.000000 0.000000 0.000000 0.000000 0.000000 0.000000 0.000000 0.000000 0.000000 0.000000 0.000000
4795 43 5 0.000000 0.000000 0.000000 0.000000 0.000000 0.000000 0.000000 0.000000 0.000000 0.000000 0.000000 0.000000 0.000000 0.000000 0.000000
4806 43 6 0.000000 0.000000 0.000000 0.000000 0.000000 0.000000 0.000000 0.000000 0.000000 0.000000 0.000000 0.000000 0.000000 0.000000 0.000000
4817 43 7 0.000000 0.000000 0.000000 0.000000 0.000000 0.000000 0.000000 0.000000 0.000000 0.000000 0.000000 0.000000 0.000000 0.000000 0.000000
4828 43 8 0.000000 0.000000 0.000000 0.000000 0.000000 0.000000 0.000000 0.000000 0.000000 0.000000 0.000000 0.000000 0.000000 0.000000 0.000000
4839 43 9 0.000000 0.000000 0.000000 0.000000 0.000000 0.000000 0.000000 0.000000 0.000000 0.000000 0.000000 0.000000 0.000000 0.000000 0.000000
4850 44 0 0.000000 0.000000 0.000000 0.000000 0.000000 0.000000 0.000000 0.000000 0.000000 0.000000 0.000000 0.000000 0.000000 0.000000 0.000000
4861 44 1 5217.067327 0.000000 0.000000 0.000000 0.000000 0.000000 0.000000 0.000000 0.000000 0.000000 0.000000 0.000000 0.000000 0.000000 0.000000
4872 44 2 0.000000 0.000000 0.000000 0.000000 0.000000 0.000000 0.000000 0.000000 0.000000 0.000000 0.000000 0.000000 0.000000 0.000000 0.000000
4883 44 3 0.000000 0.000000 0.000000 0.000000 0.000000 0.000000 0.000000 0.000000 0.000000 0.000000 0.000000 0.000000 0.000000 0.000000 0.000000
4894 44 4 0.000000 0.000000 0.000000 0.000000 0.000000 0.000000 0.000000 0.000000 0.000000 0.000000 0.000000 0.000000 0.000000 0.000000 0.000000
4905 44 5 0.000000 0.000000 0.000000 0.000000 0.000000 0.000000 0.000000 0.000000 0.000000 0.000000 0.000000 0.000000 0.000000 0.000000 0.000000
4916 44 6 0.000000 0.000000 0.000000 0.000000 0.000000 0.000000 0.000000 0.000000 0.000000 0.000000 0.000000 0.000000 0.000000 0.000000 0.000000
4927 44 7 0.000000 0.000000 0.000000 0.000000 0.000000 0.000000 0.000000 0.000000 0.000000 0.000000 0.000000 0.000000 0.000000 0.000000 0.000000
4938 44 8 0.000000 0.000000 0.000000 0.000000 0.000000 0.000000 0.000000 0.000000 0.000000 0.000000 0.000000 0.000000 0.000000 0.000000 0.000000
4949 44 9 0.000000 0.000000 0.000000 0.000000 0.000000 0.000000 0.000000 0.000000 0.000000 0.000000 0.000000 0.000000 0.000000 0.000000 0.000000
4960 45 0 0.000000 0.000000 0.000000 0.000000 0.000000 0.000000 0.000000 0.000000 0.000000 0.000000 0.000000 0.000000 0.000000 0.000000 0.000000
4971 45 1 0.000000 0.000000 0.000000 0.000000 0.000000 0.000000 0.000000 0.000000 0.000000 0.000000 0.000000 0.000000 0.000000 0.000000 0.000000
4982 45 2 0.000000 1513.997934 0.000000 0.000000 0.000000 0.000000 0.000000 0.000000 0.000000 0.000000 0.000000 0.000000 0.000000 0.000000 0.000000
4993 45 3 0.000000 0.000000 0.000000 0.000000 0.000000 0.000000 0.000000 0.000000 0.000000 0.000000 0.000000 0.000000 0.000000 0.000000 0.000000
5004 45 4 0.000000 0.000000 0.000000 0.000000 0.000000 0.000000 0.000000 0.000000 0.000000 0.000000 0.000000 0.000000 0.000000 0.000000 0.000000
5015 45 5 0.000000 0.000000 0.000000 0.000000 0.000000 0.000000 0.000000 0.000000 0.000000 0.000000 0.000000 0.000000 0.000000 0.000000 0.000000
5026 45 6 0.000000 0.000000 0.000000 0.000000 0.000000 0.000000 0.000000 0.000000 0.000000 0.000000 0.000000 0.000000 0.000000 0.000000 0.000000
5037 45 7 0.000000 0.000000 0.000000 0.000000 0.000000 0.000000 0.000000 0.000000 0.000000 0.000000 0.000000 0.000000 0.000000 0.000000 0.000000
5048 45 8 0.000000 0.000000 0.000000 0.000000 0.000000 0.000000 0.000000 0.000000 0.000000 0.000000 0.000000 0.000000 0.000000 0.000000 0.000000
5059 45 9 0.000000 0.000000 0.000000 0.000000 0.000000 0.000000 0.000000 0.000000 0.000000 0.000000 0.000000 0.000000 0.000000 0.000000 0.000000
5070 46 0 0.000000 0.000000 0.000000 0.000000 0.000000 0.000000 0.000000 0.000000 0.000000 0.000000 0.000000 0.000000 0.000000 0.000000 0.000000
5081 46 1 3753.603026 0.000000 0.000000 0.000000 0.000000 0.000000 0.000000 0.000000 0.000000 0.000000 0.000000 0.000000 0.000000 0.000000 0.000000
5092 46 2 0.000000 0.000000 0.000000 0.000000 0.000000 0.000000 0.000000 0.000000 0.000000 0.000000 0.000000 0.000000 0.000000 0.000000 0.000000
5103 46 3 0.000000 0.000000 0.000000 0.000000 0.000000 0.000000 0.000000 0.000000 0.000000 0.000000 0.000000 0.000000 0.000000 0.000000 0.000000
5114 46 4 0.000000 0.000000 0.000000 0.000000 0.000000 0.000000 0.000000 0.000000 0.000000 0.000000 0.000000 0.000000 0.000000 0.000000 0.000000
5125 46 5 0.000000 0.000000 0.000000 0.000000 0.000000 0.000000 0.000000 0.000000 0.000000 0.000000 0.000000 0.000000 0.000000 0.000000 0.000000
5136 46 6 0.000000 0.000000 0.000000 0.000000 0.000000 0.000000 0.000000 0.000000 0.000000 0.000000 0.000000 0.000000 0.000000 0.000000 0.000000
5147 46 7 0.000000 0.000000 0.000000 0.000000 0.000000 0.000000 0.000000 0.000000 0.000000 0.000000 0.000000 0.000000 0.000000 0.000000 0.000000
5158 46 8 0.000000 0.000000 0.000000 0.000000 0.000000 0.000000 0.000000 0.000000 0.000000 0.000000 0.000000 0.000000 0.000000 0.000000 0.000000
5169 46 9 0.000000 0.000000 0.000000 0.000000 0.000000 0.000000 0.000000 0.000000 0.000000 0.000000 0.000000 0.000000 0.000000 0.000000 0.000000
5180 47 0 0.000000 0.000000 0.000000 0.000000 0.000000 0.000000 0.000000 0.000000 0.000000 0.000000 0.000000 0.000000 0.000000 0.000000 0.000000
5191 47 1 301.307462 0.000000 0.000000 0.000000 0.000000 0.000000 0.000000 0.000000 0.000000 0.000000 0.000000 0.000000 0.000000 0.000000 0.000000
5202 47 2 0.000000 5134.770919 0.000000 0.000000 0.000000 0.000000 0.000000 0.000000 0.000000 0.000000 0.000000 0.000000 0.000000 0.000000 0.000000
5213 47 3 0.000000 0.000000 0.000000 0.000000 0.000000 0.000000 0.000000 0.000000 0.000000 0.000000 0.000000 0.000000 0.000000 0.000000 0.000000
5224 47 4 0.000000 0.000000 0.000000 0.000000 0.000000 0.000000 0.000000 0.000000 0.000000 0.000000 0.000000 0.000000 0.000000 0.000000 0.000000
5235 47 5 0.000000 0.000000 0.000000 0.000000 0.000000 0.000000 0.000000 0.000000 0.000000 0.000000 0.000000 0.000000 0.000000 0.000000 0.000000
5246 47 6 0.000000 0.000000 0.000000 0.000000 0.000000 0.000000 0.000000 0.000000 0.000000 0.000000 0.000000 0.000000 0.000000 0.000000 0.000000
5257 47 7 0.000000 0.000000 0.000000 0.000000 0.000000 0.000000 0.000000 0.000000 0.000000 0.000000 0.000000 0.000000 0.000000 0.000000 0.000000
5268 47 8 0.000000 0.000000 0.000000 0.000000 0.000000 0.000000 0.000000 0.000000 0.000000 0.000000 0.000000 0.000000 0.000000 0.000000 0.000000
5279 47 9 0.000000 0.000000 0.000000 0.000000 0.000000 0.000000 0.000000 0.000000 0.000000 0.000000 0.000000 0.000000 0.000000 0.000000 0.000000
5290 48 0 0.000000 0.000000 0.000000 0.000000 0.000000 0.000000 0.000000 0.000000 0.000000 0.000000 0.000000 0.000000 0.000000 0.000000 0.000000
5301 48 1 259.294370 0.000000 0.000000 0.000000 0.000000 0.000000 0.000000 0.000000 0.000000 0.000000 0.000000 0.000000 0.000000 0.000000 0.000000
5312 48 2 0.000000 3458.255170 0.000000 0.000000 0.000000 0.000000 0.000000 0.000000 0.000000 0.000000 0.000000 0.000000 0.000000 0.000000 0.000000
5323 48 3 0.000000 0.000000 0.000000 0.000000 0.000000 0.000000 0.000000 0.000000 0.000000 0.000000 0.000000 0.000000 0.000000 0.000000 0.000000
5334 48 4 0.000000 0.000000 0.000000 0.000000 0.000000 0.000000 0.000000 0.000000 0.000000 0.000000 0.000000 0.000000 0.000000 0.000000 0.000000
5345 48 5 0.000000 0.000000 0.000000 0.000000 0.000000 0.000000 0.000000 0.000000 0.000000 0.000000 0.000000 0.000000 0.000000 0.000000 0.000000
5356 48 6 0.000000 0.000000 0.000000 0.000000 0.000000 0.000000 0.000000 0.000000 0.000000 0.000000 0.000000 0.000000 0.000000 0.000000 0.000000
5367 48 7 0.000000 0.000000 0.000000 0.000000 0.000000 0.000000 0.000000 0.000000 0.000000 0.000000 0.000000 0.000000 0.000000 0.000000 0.000000
5378 48 8 0.000000 0.000000 0.000000 0.000000 0.000000 0.000000 0.000000 0.000000 0.000000 0.000000 0.000000 0.000000 0.000000 0.000000 0.000000
5389 48 9 0.000000 0.000000 0.000000 0.000000 0.000000 0.000000 0.000000 0.000000 0.000000 0.000000 0.000000 0.000000 0.000000 0.000000 0.000000
5400 49 0 0.000000 0.000000 0.000000 0.000000 0.000000 0.000000 0.000000 0.000000 0.000000 0.000000 0.000000 0.000000 0.000000 0.000000 0.000000
5411 49 1 2706.014348 0.000000 0.000000 0.000000 0.000000 0.000000 0.000000 0.000000 0.000000 0.000000 0.000000 0.000000 0.000000 0.000000 0.000000
5422 49 2 0.000000 0.000000 0.000000 0.000000 0.000000 0.000000 0.000000 0.000000 0.000000 0.000000 0.000000 0.000000 0.000000 0.000000 0.000000
5433 49 3 0.000000 0.000000 0.000000 0.000000 0.000000 0.000000 0.000000 0.000000 0.000000 0.000000 0.000000 0.000000 0.000000 0.000000 0.000000
5444 49 4 0.000000 0.000000 0.000000 0.000000 0.000000 0.000000 0.000000 0.000000 0.000000 0.000000 0.000000 0.000000 0.000000 0.000000 0.000000
5455 49 5 0.000000 0.000000 0.000000 0.000000 0.000000 0.000000 0.000000 0.000000 0.000000 0.000000 0.000000 0.000000 0.000000 0.000000 0.000000
5466 49 6 0.000000 0.000000 0.000000 0.000000 0.000000 0.000000 0.000000 0.000000 0.000000 0.000000 0.000000 0.000000 0.000000 0.000000 0.000000
5477 49 7 0.000000 0.000000 0.000000 0.000000 0.000000 0.000000 0.000000 0.000000 0.000000 0.000000 0.000000 0.000000 0.000000 0.000000 0.000000
5488 49 8 0.000000 0.000000 0.000000 0.000000 0.000000 0.000000 0.000000 0.000000 0.000000 0.000000 0.000000 0.000000 0.000000 0.000000 0.000000
5499 49 9 0.000000 0.000000 0.000000 0.000000 0.000000 0.000000 0.000000 0.000000 0.000000 0.000000 0.000000 0.000000 0.000000 0.000000 0.000000
5510 50 0 0.000000 0.000000 0.000000 0.000000 0.000000 0.000000 0.000000 0.000000 0.000000 0.000000 0.000000 0.000000 0.000000 0.000000 0.000000
5521 50 1 0.000000 0.000000 0.000000 0.000000 0.000000 0.000000 0.000000 0.000000 0.000000 0.000000 0.000000 0.000000 0.000000 0.000000 0.000000
5532 50 2 0.000000 0.000000 0.000000 0.000000 0.000000 0.000000 0.000000 0.000000 0.000000 0.000000 0.000000 0.000000 0.000000 0.000000 0.000000
5543 50 3 0.000000 0.000000 0.000000 0.000000 0.000000 0.000000 0.000000 0.000000 0.000000 0.000000 0.000000 0.000000 0.000000 0.000000 0.000000
5554 50 4 0.000000 0.000000 0.000000 0.000000 0.000000 0.000000 0.000000 0.000000 0.000000 0.000000 0.000000 0.000000 0.000000 0.000000 0.000000
5565 50 5 0.000000 0.000000 0.000000 0.000000 0.000000 0.000000 0.000000 0.000000 0.000000 0.000000 0.000000 0.000000 0.000000 0.000000 0.000000
5576 50 6 0.000000 0.000000 0.000000 0.000000 0.000000 0.000000 0.000000 0.000000 0.000000 0.000000 0.000000 0.000000 0.000000 0.000000 0.000000
5587 50 7 0.000000 0.000000 0.000000 0.000000 0.000000 0.000000 0.000000 0.000000 0.000000 0.000000 0.000000 0.000000 0.000000 0.000000 0.000000
5598 50 8 0.000000 0.000000 0.000000 0.000000 0.000000 0.000000 0.000000 0.000000 0.000000 0.000000 0.000000 0.000000 0.000000 0.000000 0.000000
5609 50 9 0.000000 0.000000 0.000000 0.000000 0.000000 0.000000 0.000000 0.000000 0.000000 0.000000 0.000000 0.000000 0.000000 0.000000 0.000000