# Format <LP ID> <Terminal ID> <Total sends> <Total Recvs> <Bytes sent> <Bytes recvd> <Send time> <Comm. time> <Compute time>
 0 0 1020 1020 67012300 70881100 36466663.942538 101056112.188054 0.000000
 1 1 1632 1632 101528728 105447128 62986319.922167 101367755.752650 0.000000
 2 2 1632 1632 81671440 87876240 48126608.144283 101366044.138817 0.000000
 3 3 2652 2652 122140908 122512108 75306931.798748 101592617.452969 0.000000
 4 4 1224 1224 87282720 79377120 49165458.854276 101569856.450131 0.000000
 11 5 2244 2244 128796668 120983868 110078778.565731 101598724.572064 0.000000
 12 6 2038 2040 105905176 111501992 81583294.080356 101686695.417699 0.000000
 13 7 2652 2650 122854948 133845332 89097058.377930 101663185.760052 0.000000
 14 8 2448 2447 127844312 127033104 87068609.566131 101717764.936829 0.000000
 15 9 1835 1836 103332908 105456116 105231125.219312 101603946.474912 0.000000
 22 10 1632 1632 101106704 104975504 64193703.647783 101966047.113849 0.000000
 23 11 2652 2652 115990100 122439700 76149972.742037 101825452.270846 0.000000
 24 12 2652 2652 121449252 121818852 88989107.626505 102087356.651713 0.000000
 25 13 2244 2244 121577020 113569020 80202994.066437 101687077.282231 0.000000
 26 14 2244 2244 128018268 120307868 92046783.889592 102089420.620558 0.000000
 33 15 4078 4078 157045520 162053520 118890163.026278 102125840.120078 0.000000
 34 16 2652 2650 122335812 133569396 98275060.720797 102186657.218208 0.000000
 35 17 2448 2447 127320480 126459672 112500952.674270 102070916.723744 0.000000
 36 18 1835 1836 95141972 88329180 64800058.514609 101813204.731732 0.000000
 37 19 2652 2652 123552340 123086740 82978929.028958 101639891.416311 0.000000
 44 20 2038 2040 81812952 87876968 60814588.085375 102107137.672498 0.000000
 45 21 2652 2652 122144124 122512124 103129448.776133 102137797.987229 0.000000
 46 22 2244 2244 110802876 94014076 70977314.135176 101534304.495452 0.000000
 47 23 4080 4080 155151256 142964056 123666485.159859 101793132.684623 0.000000
 48 24 2444 2448 106008096 111502528 88763635.139045 102123849.466476 0.000000
 55 25 2652 2650 122854948 133845332 108568018.313204 101814304.988303 0.000000
 56 26 2448 2447 127844312 127033104 128442723.593951 102077700.731665 0.000000
 57 27 2855 2856 129826760 123117968 97766849.347948 101878509.804064 0.000000
 58 28 2652 2652 122855852 122391852 130001473.808835 102165857.151962 0.000000
 59 29 3058 3060 116133220 122440436 128534938.089975 102178083.257856 0.000000
 66 30 2652 2652 121452468 121818868 117779859.991706 102364647.757160 0.000000
 67 31 4080 4080 145352920 128212120 139706827.141990 101973559.313646 0.000000
 68 32 4080 4080 154040232 142009832 158522439.811212 102322198.062498 0.000000
 69 33 4484 4486 157148440 162054056 150498561.476400 102199366.256222 0.000000
 70 34 2652 2650 122335812 133569396 117772374.846977 102314585.795508 0.000000
 77 35 2448 2447 127320480 126459672 123008420.844546 102594249.621639 0.000000
 78 36 1631 1632 84766496 90409704 52862481.031800 102051675.895439 0.000000
 79 37 2448 2447 117378704 125215496 90941187.887742 101897849.437940 0.000000
 80 38 2244 2244 94932892 107382492 71292699.028911 101692279.517944 0.000000
 81 39 3672 3672 141555832 142298232 123227997.396613 101951050.138000 0.000000
 88 40 1224 1224 87282720 79377120 51387023.931081 102273985.115918 0.000000
 89 41 2244 2244 128796668 120983868 74993703.556000 102329501.022364 0.000000
 90 42 2038 2040 105905176 111501992 75544795.239424 102053783.283927 0.000000
 91 43 2652 2650 122854948 133845332 99691913.187240 101950626.601339 0.000000
 92 44 2448 2447 127844312 127033104 111154458.485713 102116603.730381 0.000000
 99 45 2651 2651 119182884 125224484 96819231.024571 101925872.799865 0.000000
 100 46 2448 2447 116756048 124493640 103195406.598145 102122136.102801 0.000000
 101 47 3672 3672 129254424 142195224 154443575.305338 102038496.697864 0.000000
 102 48 3672 3672 140615304 141354504 148488686.913793 102192403.384397 0.000000
 103 49 2244 2244 121577020 113569020 101346593.785784 102054373.672248 0.000000
 110 50 2244 2244 128018268 120307868 120876992.844042 102158363.889149 0.000000
 111 51 4078 4078 157045520 162053520 164865062.414456 102109324.326634 0.000000
 112 52 2652 2650 122335812 133569396 143869428.430234 102213064.313981 0.000000
 113 53 2448 2447 127320480 126459672 126935187.430423 102073359.551102 0.000000
 114 54 2447 2448 110877152 107973160 126041006.299802 101795272.639884 0.000000
 121 55 3876 3875 139528396 142982788 134199995.185914 101967879.622800 0.000000
 122 56 2650 2652 95074404 107383220 77629106.584958 101900535.008675 0.000000
 123 57 3672 3672 141559048 142298248 132944355.296553 102062910.931288 0.000000
 124 58 2244 2244 110802876 94014076 84310667.878496 102062772.387866 0.000000
 125 59 4080 4080 155151256 142964056 146695701.298309 102118853.882685 0.000000
 132 60 2444 2448 106008096 111502528 74405507.112188 102043689.918253 0.000000
 133 61 2652 2650 122854948 133845332 129399453.480113 102204138.516374 0.000000
 134 62 2448 2447 127844312 127033104 124612009.744869 102116515.908799 0.000000
 135 63 4079 4079 145762616 143013816 170295593.442323 102201421.786259 0.000000
 136 64 3876 3875 138629660 142036052 178864189.077818 102233920.506167 0.000000
 143 65 4078 4080 129397544 142195960 133034248.752306 102327759.584012 0.000000
 144 66 3672 3672 140618520 141354520 137505632.086132 102594330.209414 0.000000
 145 67 4080 4080 145352920 128212120 151206027.410020 102191400.422786 0.000000
 146 68 4080 4080 154040232 142009832 166081702.182303 102343785.439783 0.000000
 147 69 4484 4486 157148440 162054056 148978986.976427 102288551.010536 0.000000
 154 70 2652 2650 122335812 133569396 134260506.728913 102679531.999118 0.000000
 155 71 2448 2447 127320480 126459672 136539706.352081 102516232.312252 0.000000
 156 72 1835 1836 103633604 105457612 94323899.325369 102320814.390622 0.000000
 157 73 1632 1632 101528728 105447128 59771835.728130 102150621.220514 0.000000
 158 74 2652 2652 116236132 122442532 104434291.086567 102224129.252338 0.000000
 165 75 2652 2652 122140908 122512108 97724947.760889 102559750.979124 0.000000
 166 76 2244 2244 121851740 113843740 125950146.405951 102150203.737741 0.000000
 167 77 2244 2244 128796668 120983868 120591136.387507 102503361.502348 0.000000
 168 78 4078 4078 158096416 163203616 188408932.734874 102321117.839373 0.000000
 169 79 2652 2650 122854948 133845332 112552370.198588 102550876.989902 0.000000
 176 80 2448 2447 127844312 127033104 156935182.269384 102631666.343625 0.000000
 177 81 1835 1836 103332908 105456116 66275925.488811 102459286.363769 0.000000
 178 82 1632 1632 101106704 104975504 68655085.569776 102586468.782445 0.000000
 179 83 2652 2652 115990100 122439700 100772663.929625 102583434.866318 0.000000
 180 84 2652 2652 121449252 121818852 143854319.002819 102868239.442022 0.000000
 187 85 2244 2244 121577020 113569020 98493343.731097 102571511.717408 0.000000
 188 86 2244 2244 128018268 120307868 114047204.829533 102951162.699395 0.000000
 189 87 4078 4078 157045520 162053520 150330771.508932 102995101.770271 0.000000
 190 88 2652 2650 122335812 133569396 124028887.858883 102966169.411882 0.000000
 191 89 2448 2447 127320480 126459672 137257464.698409 102816946.622670 0.000000
 198 90 2855 2856 129932888 123118496 112613854.381670 102595215.339483 0.000000
 199 91 2652 2652 123552340 123086740 129530012.310464 102571170.431699 0.000000
 200 92 3058 3060 116377644 122443260 124282040.451444 102559224.491632 0.000000
 201 93 2652 2652 122144124 122512124 127453614.835457 102437582.315979 0.000000
 202 94 4080 4080 145704568 128758968 180105803.468656 102426759.310629 0.000000
 209 95 4080 4080 155151256 142964056 217978915.890633 102571754.535089 0.000000
 210 96 4484 4486 158199336 163204152 177205293.717073 102619597.730195 0.000000
 211 97 2652 2650 122854948 133845332 129079846.705222 102517284.021955 0.000000
 212 98 2448 2447 127844312 127033104 141679496.040251 102552628.346468 0.000000
 213 99 2855 2856 129826760 123117968 190159379.738849 102588472.200300 0.000000
 220 100 2652 2652 122855852 122391852 112675960.110722 102931400.285349 0.000000
 221 101 3058 3060 116133220 122440436 125784536.887767 102676473.934938 0.000000
 222 102 2652 2652 121452468 121818868 97881112.366115 102943257.431762 0.000000
 223 103 4080 4080 145352920 128212120 182550898.152617 102677082.708699 0.000000
 224 104 4080 4080 154040232 142009832 164485415.675919 102966682.250438 0.000000
 231 105 4484 4486 157148440 162054056 143072035.088262 102893046.996997 0.000000
 232 106 2652 2650 122335812 133569396 123763119.315382 102947285.473132 0.000000
 233 107 2448 2447 127320480 126459672 117411070.375181 102821144.684348 0.000000
 234 108 2651 2651 119483580 125225980 102110902.845029 102545833.342549 0.000000
 235 109 2448 2447 117378704 125215496 99976103.594252 102376945.525336 0.000000
 242 110 3672 3672 129746480 142199280 112131543.569287 102456652.574055 0.000000
 243 111 3672 3672 141555832 142298232 141518879.069065 102620338.479671 0.000000
 244 112 2244 2244 121851740 113843740 98188174.785477 102232695.818770 0.000000
 245 113 2244 2244 128796668 120983868 104694245.241746 102415867.192749 0.000000
 246 114 4078 4078 158096416 163203616 158088025.660212 102282040.224803 0.000000
 253 115 2652 2650 122854948 133845332 110016474.586986 102524618.781313 0.000000
 254 116 2448 2447 127844312 127033104 115405869.464946 102604841.450286 0.000000
 255 117 2651 2651 119182884 125224484 103444124.198927 102635001.379981 0.000000
 256 118 2448 2447 116756048 124493640 121610393.257245 103014191.946021 0.000000
 257 119 3672 3672 129254424 142195224 135953493.005525 102783184.946890 0.000000
 264 120 3672 3672 140615304 141354504 145045087.288007 102994911.449158 0.000000
 265 121 2244 2244 121577020 113569020 95909149.717988 102698453.689555 0.000000
 266 122 2244 2244 128018268 120307868 108713228.481661 103016239.021580 0.000000
 267 123 4078 4078 157045520 162053520 137582199.088688 102604976.534006 0.000000
 268 124 2652 2650 122335812 133569396 129607547.050603 102938584.212276 0.000000
 275 125 2448 2447 127320480 126459672 112533048.552587 102759216.298504 0.000000
 276 126 4079 4079 145870352 143014352 157206470.619808 102522248.465417 0.000000
 277 127 3876 3875 139528396 142982788 156542654.629939 102631628.404063 0.000000
 278 128 4078 4080 129887992 142200008 161223376.504856 102636743.744016 0.000000
 279 129 3672 3672 141559048 142298248 144822516.514600 102703389.649000 0.000000
 286 130 4080 4080 145704568 128758968 146848776.769706 102478360.900346 0.000000
 287 131 4080 4080 155151256 142964056 128039181.037289 102514458.174955 0.000000
 288 132 4484 4486 158199336 163204152 150923342.791508 102684104.997388 0.000000
 289 133 2652 2650 122854948 133845332 106743937.033516 102596726.165300 0.000000
 290 134 2448 2447 127844312 127033104 102271693.864006 102616862.644481 0.000000
 297 135 4079 4079 145762616 143013816 140251929.248307 102783421.841294 0.000000
 298 136 3876 3875 138629660 142036052 156078775.276487 102882102.306144 0.000000
 299 137 4078 4080 129397544 142195960 147121560.315101 102779560.439378 0.000000
 300 138 3672 3672 140618520 141354520 144987232.511838 102904483.565120 0.000000
 301 139 4080 4080 145352920 128212120 137761863.508439 102724581.921780 0.000000
 308 140 4080 4080 154040232 142009832 156510713.594125 102913288.597780 0.000000
 309 141 4484 4486 157148440 162054056 130858860.671761 102662345.765515 0.000000
 310 142 2652 2650 122335812 133569396 105319933.705453 102879904.004173 0.000000
 311 143 2448 2447 127320480 126459672 113648319.842662 102942232.190640 0.000000
 312 144 1835 1836 95141972 88329180 74534805.783053 102592350.322890 0.000000
 319 145 2652 2652 123552340 123086740 93571300.428656 102218222.469827 0.000000
 320 146 2038 2040 81812952 87876968 59326855.796042 102116956.230603 0.000000
 321 147 2652 2652 122144124 122512124 90325893.705222 102319000.755845 0.000000
 322 148 2244 2244 110802876 94014076 85679409.252872 102148734.348487 0.000000
 323 149 4080 4080 155151256 142964056 142172723.685206 102230187.746982 0.000000
 330 150 2444 2448 106008096 111502528 63566178.648496 102038758.912070 0.000000
 331 151 2652 2650 122854948 133845332 106413040.956628 102273652.944648 0.000000
 332 152 2448 2447 127844312 127033104 90413586.387909 102363101.243561 0.000000
 333 153 2855 2856 129826760 123117968 106533842.601414 102187872.369888 0.000000
 334 154 2652 2652 122855852 122391852 130149195.295029 102422407.852228 0.000000
 341 155 3058 3060 116133220 122440436 118333324.625836 102364262.350085 0.000000
 342 156 2652 2652 121452468 121818868 126822474.835188 102328429.286822 0.000000
 343 157 4080 4080 145352920 128212120 151663595.483260 102300632.657096 0.000000
 344 158 4080 4080 154040232 142009832 143737521.730691 102614940.338013 0.000000
 345 159 4484 4486 157148440 162054056 140000745.325106 102659957.236470 0.000000
 352 160 2652 2650 122335812 133569396 120717670.442084 102461975.463570 0.000000
 353 161 2448 2447 127320480 126459672 121871386.232349 102541645.087423 0.000000
 354 162 1835 1836 95141972 88329180 56037590.053741 102165424.783727 0.000000
 355 163 2652 2652 123552340 123086740 107131132.608946 102324510.017557 0.000000
 356 164 1222 1224 67421888 64652304 48396516.929970 102317754.942965 0.000000
 363 165 1428 1428 109255156 105485556 60025695.571662 102053118.205989 0.000000
 364 166 2650 2652 110905796 94014612 74464372.938120 102067816.894064 0.000000
 365 167 4080 4080 155151256 142964056 127675080.256076 102301306.425218 0.000000
 366 168 1832 1836 91984276 94542708 60219775.108455 102350848.134864 0.000000
 367 169 1836 1834 112401068 123405852 69379713.811887 102181583.578719 0.000000
 374 170 1632 1631 117724736 112684728 115705527.220167 102180061.380734 0.000000
 375 171 3261 3264 129628984 123117008 121640159.787712 102288887.654067 0.000000
 376 172 2652 2652 122855852 122391852 111610097.580739 102328872.358866 0.000000
 377 173 1834 1836 101739292 98968108 89451826.902717 102245386.341293 0.000000
 378 174 1428 1428 108733436 105013436 81105756.387242 102294926.823853 0.000000
 385 175 4486 4488 145455840 128212656 147143990.192577 102441593.583462 0.000000
 386 176 4080 4080 154040232 142009832 154524559.583258 102442151.119408 0.000000
 387 177 3260 3262 143454232 145420648 130543893.435573 102354667.323611 0.000000
 388 178 1836 1834 112017684 123267268 87661635.959093 102481132.165397 0.000000
 389 179 1632 1631 117336912 112300104 91671666.052012 102541148.120684 0.000000
 396 180 2853 2856 110679376 107972200 84643105.310811 102237112.888400 0.000000
 397 181 3876 3875 139528396 142982788 124174897.078327 102068475.002914 0.000000
 398 182 2650 2652 95074404 107383220 82933120.728650 102079737.380707 0.000000
 399 183 3672 3672 141559048 142298248 125943777.144441 102351285.122659 0.000000
 400 184 2244 2244 110802876 94014076 78460613.015725 101827892.137026 0.000000
 407 185 4080 4080 155151256 142964056 152407106.633432 102110366.592451 0.000000
 408 186 2444 2448 106008096 111502528 97059910.878844 102059072.413693 0.000000
 409 187 2652 2650 122854948 133845332 109689446.208745 102160441.423793 0.000000
 410 188 2448 2447 127844312 127033104 106125993.985386 102164673.445448 0.000000
 411 189 4079 4079 145762616 143013816 150339240.262425 102411017.296607 0.000000
 418 190 3876 3875 138629660 142036052 159841463.111463 102678693.926282 0.000000
 419 191 4078 4080 129397544 142195960 159291560.985150 102453431.429190 0.000000
 420 192 3672 3672 140618520 141354520 144808355.713531 102666139.045728 0.000000
 421 193 4080 4080 145352920 128212120 144888360.003784 102422399.521011 0.000000
 422 194 4080 4080 154040232 142009832 154588906.033143 102682140.002895 0.000000
 429 195 4484 4486 157148440 162054056 139472653.143047 102491021.250424 0.000000
 430 196 2652 2650 122335812 133569396 142456326.775243 102503571.602676 0.000000
 431 197 2448 2447 127320480 126459672 130149167.790683 102511336.772438 0.000000
 432 198 2447 2448 110877152 107973160 96550794.232909 102133676.157145 0.000000
 433 199 3876 3875 139528396 142982788 142937242.952648 102404413.165336 0.000000
 440 200 1630 1631 80643128 84158336 61395446.455295 102315494.828088 0.000000
 441 201 1836 1836 134899436 125302636 100695736.490731 102193332.027428 0.000000
 442 202 2650 2652 110905796 94014612 82793479.908843 102159927.275365 0.000000
 443 203 4080 4080 155151256 142964056 140753065.256056 102175687.016808 0.000000
 444 204 1832 1836 91984276 94542708 61479248.449453 102054241.464999 0.000000
 451 205 2039 2038 112650312 123407104 122616002.745650 102314420.083478 0.000000
 452 206 1632 1631 117724736 112684728 114454474.848335 102290308.110616 0.000000
 453 207 4485 4487 145564840 143012856 167569517.651567 102442367.081414 0.000000
 454 208 3876 3875 138629660 142036052 174759384.035757 102541873.283135 0.000000
 455 209 2446 2447 114961784 118723392 140806010.648272 102348718.891533 0.000000
 462 210 1836 1836 134378084 124581284 133411312.909666 102363523.756082 0.000000
 463 211 4486 4488 145455840 128212656 161211050.703930 102481211.105478 0.000000
 464 212 4080 4080 154040232 142009832 159849554.031819 102481637.835249 0.000000
 465 213 3260 3262 143454232 145420648 143734285.129260 102359161.492410 0.000000
 466 214 2039 2038 112266928 123268520 85166451.519317 102336174.337146 0.000000
 473 215 1632 1631 117336912 112300104 86884949.601493 102371969.639126 0.000000
 474 216 3261 3264 129735112 123117536 82707677.136355 102414618.872568 0.000000
 475 217 2652 2652 123552340 123086740 92769207.833827 102373458.090751 0.000000
 476 218 3058 3060 116377644 122443260 83490861.499482 102361669.612191 0.000000
 477 219 2652 2652 122144124 122512124 81118161.394052 102648785.117392 0.000000
 484 220 4080 4080 145704568 128758968 144357342.033049 102673799.274064 0.000000
 485 221 4080 4080 155151256 142964056 152753826.317187 102699075.322679 0.000000
 486 222 4484 4486 158199336 163204152 140635193.156244 102603016.511627 0.000000
 487 223 2652 2650 122854948 133845332 84807199.085488 102727205.608784 0.000000
 488 224 2448 2447 127844312 127033104 110013576.467539 102651158.669173 0.000000
 495 225 2855 2856 129826760 123117968 94013829.895215 102716631.922350 0.000000
 496 226 2652 2652 122855852 122391852 76293111.588714 102878475.251740 0.000000
 497 227 3058 3060 116133220 122440436 87620720.318054 102799862.262720 0.000000
 498 228 2652 2652 121452468 121818868 95369063.048319 103077721.413701 0.000000
 499 229 4080 4080 145352920 128212120 137444426.024812 102733918.866880 0.000000
 506 230 4080 4080 154040232 142009832 138289911.866069 103038566.408954 0.000000
 507 231 4484 4486 157148440 162054056 132481666.566535 102919416.224791 0.000000
 508 232 2652 2650 122335812 133569396 112240793.350867 103081512.541609 0.000000
 509 233 2448 2447 127320480 126459672 99161294.018170 103208182.291339 0.000000
 510 234 2855 2856 129932888 123118496 104999540.345026 102839441.410682 0.000000
 517 235 2652 2652 123552340 123086740 87011527.168022 102689437.425156 0.000000
 518 236 1834 1836 102038012 99218828 75878852.945885 102528563.266776 0.000000
 519 237 1428 1428 109255156 105485556 77233870.570038 102938728.117841 0.000000
 520 238 4486 4488 145807488 128759504 160049569.552048 102803632.214471 0.000000
 521 239 4080 4080 155151256 142964056 165476439.021975 102804232.397952 0.000000
 528 240 3260 3262 144230152 146244568 118291476.435207 102636372.532252 0.000000
 529 241 1836 1834 112401068 123405852 112773901.130520 102931908.153220 0.000000
 530 242 1632 1631 117724736 112684728 99962861.623723 102988200.528825 0.000000
 531 243 3261 3264 129628984 123117008 115514005.364472 102988253.761405 0.000000
 532 244 2652 2652 122855852 122391852 110800572.741550 103107959.180491 0.000000
 539 245 1834 1836 101739292 98968108 81935816.022656 103054675.276732 0.000000
 540 246 1428 1428 108733436 105013436 78625257.047642 103138520.112051 0.000000
 541 247 4486 4488 145455840 128212656 157915823.704852 103055113.861478 0.000000
 542 248 4080 4080 154040232 142009832 154635639.819142 103125667.178872 0.000000
 543 249 3260 3262 143454232 145420648 132488620.869670 103184119.029294 0.000000
 550 250 1836 1834 112017684 123267268 90866263.888681 103103260.309074 0.000000
 551 251 1632 1631 117336912 112300104 93333772.412592 103185618.493868 0.000000
 552 252 4485 4487 145672576 143013392 119595682.730463 103161439.271459 0.000000
 553 253 3876 3875 139528396 142982788 153649309.975699 102762330.364134 0.000000
 554 254 4078 4080 129887992 142200008 142343857.539342 102691047.080367 0.000000
 561 255 3672 3672 141559048 142298248 131795839.193196 102725889.049038 0.000000
 562 256 4080 4080 145704568 128758968 141513758.315858 102710606.247675 0.000000
 563 257 4080 4080 155151256 142964056 150305053.124506 102750706.348426 0.000000
 564 258 4484 4486 158199336 163204152 135481548.960162 102550932.489202 0.000000
 565 259 2652 2650 122854948 133845332 94820568.082340 102756067.333775 0.000000
 572 260 2448 2447 127844312 127033104 119930358.151087 102764403.454651 0.000000
 573 261 4079 4079 145762616 143013816 130073381.712902 102822493.239960 0.000000
 574 262 3876 3875 138629660 142036052 116445834.960585 102898740.193135 0.000000
 575 263 4078 4080 129397544 142195960 119378100.366965 102953163.520140 0.000000
 576 264 3672 3672 140618520 141354520 125802631.173958 103184537.934458 0.000000
 583 265 4080 4080 145352920 128212120 132929015.917591 102733892.488145 0.000000
 584 266 4080 4080 154040232 142009832 147674293.923491 102936357.198802 0.000000
 585 267 4484 4486 157148440 162054056 138183625.558821 102728588.516151 0.000000
 586 268 2652 2650 122335812 133569396 104759709.616539 103090635.647230 0.000000
 587 269 2448 2447 127320480 126459672 106943582.176467 102978045.467269 0.000000
 594 270 4079 4079 145870352 143014352 120175013.431042 102749298.799572 0.000000
 595 271 3876 3875 139528396 142982788 116566160.528517 102668561.163941 0.000000
 596 272 2446 2447 115508136 118975344 88792463.171266 102683583.235377 0.000000
 597 273 1836 1836 134899436 125302636 91382161.088363 102976206.695703 0.000000
 598 274 4486 4488 145807488 128759504 133824737.977726 102672911.529498 0.000000
 605 275 4080 4080 155151256 142964056 129914357.623416 102722657.877563 0.000000
 606 276 3260 3262 144230152 146244568 110905442.247639 102464974.377046 0.000000
 607 277 2039 2038 112650312 123407104 91395323.934562 102766516.400790 0.000000
 608 278 1632 1631 117724736 112684728 83321896.079717 102765071.262126 0.000000
 609 279 4485 4487 145564840 143012856 136572967.086046 102954008.006072 0.000000
 616 280 3876 3875 138629660 142036052 127768251.455885 103195753.665232 0.000000
 617 281 2446 2447 114961784 118723392 94246257.606229 102999373.808267 0.000000
 618 282 1836 1836 134378084 124581284 95557096.091020 103164268.362690 0.000000
 619 283 4486 4488 145455840 128212656 139078209.443607 102987642.029410 0.000000
 620 284 4080 4080 154040232 142009832 139300865.640523 103101091.615917 0.000000
 627 285 3260 3262 143454232 145420648 102389231.387333 102800079.633366 0.000000
 628 286 2039 2038 112266928 123268520 78449178.458594 103099573.824484 0.000000
 629 287 1632 1631 117336912 112300104 80638433.188827 102978382.266580 0.000000
 630 288 2037 2040 84568720 90408744 48709694.266625 102913555.081696 0.000000
 631 289 2448 2447 117378704 125215496 86207301.438955 102371884.772244 0.000000
 638 290 2244 2244 94932892 107382492 65920222.956454 102291916.213634 0.000000
 639 291 3672 3672 141555832 142298232 132597271.078487 102360370.535420 0.000000
 640 292 1224 1224 87282720 79377120 56808750.289707 102320567.269687 0.000000
 641 293 2244 2244 128796668 120983868 114929716.974342 102360734.654200 0.000000
 642 294 2038 2040 105905176 111501992 83713475.668186 101926489.303355 0.000000
 649 295 2652 2650 122854948 133845332 109251574.899568 102134406.320675 0.000000
 650 296 2448 2447 127844312 127033104 106324714.343288 102092221.347555 0.000000
 651 297 2651 2651 119182884 125224484 89800970.268855 102149792.545251 0.000000
 652 298 2448 2447 116756048 124493640 81440226.209393 102146593.819202 0.000000
 653 299 3672 3672 129254424 142195224 118157292.026465 102185806.701752 0.000000
 660 300 3672 3672 140615304 141354504 142390979.147378 102211518.961284 0.000000
 661 301 2244 2244 121577020 113569020 101044821.987254 102152153.232011 0.000000
 662 302 2244 2244 128018268 120307868 98772898.141572 102019155.481859 0.000000
 663 303 4078 4078 157045520 162053520 138308731.378492 102178883.975127 0.000000
 664 304 2652 2650 122335812 133569396 116945027.138502 102285533.716931 0.000000
 671 305 2448 2447 127320480 126459672 134354613.503422 102111638.242494 0.000000
 672 306 2447 2448 110877152 107973160 78558224.322036 102069461.627324 0.000000
 673 307 3876 3875 139528396 142982788 134409748.955489 102121798.918378 0.000000
 674 308 2650 2652 95074404 107383220 68805308.387514 102056470.538619 0.000000
 675 309 3672 3672 141559048 142298248 112866018.133660 102112417.455841 0.000000
 682 310 2244 2244 110802876 94014076 88311468.100700 102108922.124254 0.000000
 683 311 4080 4080 155151256 142964056 134876371.715155 102146196.026712 0.000000
 684 312 2444 2448 106008096 111502528 76340340.191218 102010528.749692 0.000000
 685 313 2652 2650 122854948 133845332 92911873.690983 102166164.060905 0.000000
 686 314 2448 2447 127844312 127033104 99117409.804757 102081368.211085 0.000000
 693 315 4079 4079 145762616 143013816 139744340.490458 102184684.251877 0.000000
 694 316 3876 3875 138629660 142036052 149658389.509278 102192881.741220 0.000000
 695 317 4078 4080 129397544 142195960 127544497.085026 102425644.711048 0.000000
 696 318 3672 3672 140618520 141354520 136521307.750215 102505897.404513 0.000000
 697 319 4080 4080 145352920 128212120 140245388.975484 102211022.285988 0.000000
 704 320 4080 4080 154040232 142009832 180824529.270613 102225511.374543 0.000000
 705 321 4484 4486 157148440 162054056 142149787.177809 102189638.894648 0.000000
 706 322 2652 2650 122335812 133569396 121319237.545530 102292089.668146 0.000000
 707 323 2448 2447 127320480 126459672 118303784.173668 102115159.103938 0.000000
 708 324 1631 1632 84766496 90409704 67511426.757791 102081701.173165 0.000000
 715 325 2448 2447 117378704 125215496 70607288.145200 102106940.142035 0.000000
 716 326 2244 2244 94932892 107382492 58188780.289391 101927770.569987 0.000000
 717 327 3672 3672 141555832 142298232 110723013.966108 102081323.653075 0.000000
 718 328 816 816 68151920 64011120 37565815.728617 101845502.170445 0.000000
 719 329 1632 1632 109551896 105659096 61227797.800863 101929157.226155 0.000000
 726 330 1224 1224 93228312 96053912 53970071.655394 101501804.376325 0.000000
 727 331 2652 2650 122555860 133843844 97214217.184783 102013013.407098 0.000000
 728 332 1428 1428 109187436 104155436 80105985.885459 101587727.661267 0.000000
 729 333 2651 2651 118882188 125222988 93458515.652872 102125508.158478 0.000000
 730 334 2448 2447 116756048 124493640 100201706.546623 102097649.908050 0.000000
 737 335 3672 3672 129254424 142195224 120113256.107967 102093194.614976 0.000000
 738 336 3672 3672 140615304 141354504 125760106.910253 102211629.732720 0.000000
 739 337 1632 1632 102394744 98201144 64182052.606558 101970011.434305 0.000000
 740 338 1632 1632 109022112 105182112 78218838.808653 102010695.734319 0.000000
 741 339 2652 2651 144665964 146902756 99955475.021882 101759182.261833 0.000000
 748 340 2652 2650 122036724 133567908 104278939.682599 101798561.751092 0.000000
 749 341 1428 1428 108911100 103879100 75131694.864294 101619170.314868 0.000000
 750 342 2447 2448 110576456 107971664 76059740.085395 101952073.787280 0.000000
 751 343 3876 3875 139528396 142982788 117833874.606209 102093901.527182 0.000000
 752 344 2650 2652 95074404 107383220 77895310.942515 101775823.345054 0.000000
 759 345 3672 3672 141559048 142298248 120399013.888471 101826247.841029 0.000000
 760 346 1428 1428 82922716 78562716 47829817.930177 101599085.926011 0.000000
 761 347 2856 2856 131495704 127617304 109070159.302231 101637645.548796 0.000000
 762 348 1224 1224 93228312 96053912 57156172.381547 101562899.127753 0.000000
 763 349 2652 2650 122555860 133843844 101922744.628677 101700339.102879 0.000000
 770 350 1428 1428 109187436 104155436 77573759.550327 101492084.705100 0.000000
 771 351 4079 4079 145461920 143012320 146416652.757722 102124608.152056 0.000000
 772 352 3876 3875 138629660 142036052 141090708.689141 102212256.217028 0.000000
 773 353 4078 4080 129397544 142195960 114991309.451312 101986893.785991 0.000000
 774 354 3672 3672 140618520 141354520 125411637.859257 102114993.310431 0.000000
 781 355 2856 2856 117170416 112756016 97076147.240623 101787847.839033 0.000000
 782 356 2856 2856 130684752 126862352 107664484.993002 101865806.842228 0.000000
 783 357 2652 2651 144665964 146902756 107763314.315493 101671247.740028 0.000000
 784 358 2652 2650 122036724 133567908 98961964.729739 101975507.724935 0.000000
 785 359 1428 1428 108911100 103879100 71049339.124423 101800312.645941 0.000000
 792 360 2651 2651 119182884 125224484 82486051.893791 102089996.196351 0.000000
 793 361 2448 2447 117378704 125215496 84461957.372352 102457484.213216 0.000000
 794 362 3672 3672 129746480 142199280 106747274.820628 102240580.383804 0.000000
 795 363 3672 3672 141555832 142298232 116274857.655139 102497656.846434 0.000000
 796 364 2244 2244 121851740 113843740 94288630.769275 102084551.563770 0.000000
 803 365 2244 2244 128796668 120983868 91518419.192550 102304141.252889 0.000000
 804 366 4078 4078 158096416 163203616 154153629.698463 102286135.403790 0.000000
 805 367 2652 2650 122854948 133845332 95172564.699047 102426550.767464 0.000000
 806 368 2448 2447 127844312 127033104 97033657.701045 102241279.550284 0.000000
 807 369 2651 2651 119182884 125224484 105723254.282893 102686069.208165 0.000000
 814 370 2448 2447 116756048 124493640 86184882.701635 102758926.224384 0.000000
 815 371 3672 3672 129254424 142195224 121566326.053992 102518180.571334 0.000000
 816 372 3672 3672 140615304 141354504 117683354.507431 102713222.360573 0.000000
 817 373 2244 2244 121577020 113569020 86603360.199339 102385497.315828 0.000000
 818 374 2244 2244 128018268 120307868 91049760.209833 102517219.403748 0.000000
 825 375 4078 4078 157045520 162053520 138413652.096932 102426817.252635 0.000000
 826 376 2652 2650 122335812 133569396 103401345.584985 102607960.531962 0.000000
 827 377 2448 2447 127320480 126459672 112878458.324895 102496749.474837 0.000000
 828 378 4079 4079 145870352 143014352 132133146.692237 102285117.017553 0.000000
 829 379 3876 3875 139528396 142982788 134630939.697848 102605468.220549 0.000000
 836 380 4078 4080 129887992 142200008 132070013.272957 102526929.086323 0.000000
 837 381 3672 3672 141559048 142298248 130238120.604086 102584308.079998 0.000000
 838 382 4080 4080 145704568 128758968 129230400.090425 102117537.626934 0.000000
 839 383 4080 4080 155151256 142964056 137277132.673710 102372131.539859 0.000000
 840 384 4484 4486 158199336 163204152 138204534.926347 102316473.067176 0.000000
 847 385 2652 2650 122854948 133845332 115736298.518944 102524922.737571 0.000000
 848 386 2448 2447 127844312 127033104 128716574.174895 102372541.489617 0.000000
 849 387 4079 4079 145762616 143013816 141039062.236638 102605305.978735 0.000000
 850 388 3876 3875 138629660 142036052 149009361.372747 102687571.398982 0.000000
 851 389 4078 4080 129397544 142195960 153128812.785174 102670816.699768 0.000000
 858 390 3672 3672 140618520 141354520 127509410.886968 102942338.254994 0.000000
 859 391 4080 4080 145352920 128212120 143414747.148669 102443584.377266 0.000000
 860 392 4080 4080 154040232 142009832 146194464.359380 102627868.838282 0.000000
 861 393 4484 4486 157148440 162054056 150934949.868114 102521602.213418 0.000000
 862 394 2652 2650 122335812 133569396 117282655.627464 102596108.858823 0.000000
 869 395 2448 2447 127320480 126459672 111188068.811695 102581922.637553 0.000000
 870 396 2651 2651 119483580 125225980 86196494.181053 102340319.021016 0.000000
 871 397 2448 2447 117378704 125215496 88877294.038114 102081017.876547 0.000000
 872 398 3672 3672 129746480 142199280 117638073.149897 102120318.318743 0.000000
 873 399 3672 3672 141555832 142298232 116698147.330959 102129638.334050 0.000000
 880 400 1632 1632 102671080 98477480 88955290.244033 102001651.278290 0.000000
 881 401 1632 1632 109551896 105659096 87334162.972796 102044733.159985 0.000000
 882 402 2652 2651 145469364 147755756 115763654.419855 101854778.128629 0.000000
 883 403 2652 2650 122555860 133843844 97645265.766985 102090556.255146 0.000000
 884 404 1428 1428 109187436 104155436 67153679.192339 102034218.021274 0.000000
 891 405 2651 2651 118882188 125222988 125893562.283404 102334728.386420 0.000000
 892 406 2448 2447 116756048 124493640 108984607.175778 102441241.259095 0.000000
 893 407 3672 3672 129254424 142195224 137866394.540099 102367222.964225 0.000000
 894 408 3672 3672 140615304 141354504 148856861.841615 102452376.390533 0.000000
 895 409 1632 1632 102394744 98201144 71798736.809222 102108016.536946 0.000000
 902 410 1632 1632 109022112 105182112 88478264.188361 102442180.405925 0.000000
 903 411 2652 2651 144665964 146902756 112093632.655638 102095715.476150 0.000000
 904 412 2652 2650 122036724 133567908 105449943.793298 102403986.974908 0.000000
 905 413 1428 1428 108911100 103879100 72832509.701291 102354966.726442 0.000000
 906 414 4079 4079 145569656 143012856 203239988.318236 102128684.467595 0.000000
 913 415 3876 3875 139528396 142982788 197215414.890583 102241821.347403 0.000000
 914 416 4078 4080 129887992 142200008 170708601.608750 102190733.402258 0.000000
 915 417 3672 3672 141559048 142298248 155582776.053263 102372323.556681 0.000000
 916 418 2856 2856 117723080 113307080 139619038.419539 101854336.637375 0.000000
 917 419 2856 2856 131495704 127617304 117204232.718301 102093347.773903 0.000000
 924 420 2652 2651 145469364 147755756 143663449.144494 102004782.443108 0.000000
 925 421 2652 2650 122555860 133843844 115912587.787883 102234344.284926 0.000000
 926 422 1428 1428 109187436 104155436 86454215.343130 102047562.341182 0.000000
 927 423 4079 4079 145461920 143012320 179322403.571034 102367261.216939 0.000000
 928 424 3876 3875 138629660 142036052 181469944.303228 102497219.296118 0.000000
 935 425 4078 4080 129397544 142195960 157451480.307030 102489784.848315 0.000000
 936 426 3672 3672 140618520 141354520 158536722.359412 102581964.087755 0.000000
 937 427 2856 2856 117170416 112756016 104075701.670005 102218160.281935 0.000000
 938 428 2856 2856 130684752 126862352 122439747.876575 102402643.646949 0.000000
 939 429 2652 2651 144665964 146902756 121128620.658116 102266492.531372 0.000000
 946 430 2652 2650 122036724 133567908 112794959.737900 102377023.823378 0.000000
 947 431 1428 1428 108911100 103879100 82301429.249127 102355068.188676 0.000000
 948 432 2447 2448 110576456 107971664 78615190.991674 102005843.252232 0.000000
 949 433 3876 3875 139528396 142982788 112541149.693411 102115919.782022 0.000000
 950 434 2650 2652 95074404 107383220 73516782.388323 101929279.931357 0.000000
 957 435 3672 3672 141559048 142298248 124286563.665920 102157985.443194 0.000000
 958 436 2244 2244 110802876 94014076 83270573.304369 101824155.280785 0.000000
 959 437 4080 4080 155151256 142964056 136825991.529253 102170673.500285 0.000000
 960 438 2444 2448 106008096 111502528 81643111.522380 101801322.553241 0.000000
 961 439 2652 2650 122854948 133845332 102156546.316625 102188481.416241 0.000000
 968 440 2448 2447 127844312 127033104 112062831.054281 101830959.762199 0.000000
 969 441 4079 4079 145762616 143013816 119160231.548318 102425765.395659 0.000000
 970 442 3876 3875 138629660 142036052 131659286.416650 102516073.275780 0.000000
 971 443 4078 4080 129397544 142195960 122188793.168535 102216388.404414 0.000000
 972 444 3672 3672 140618520 141354520 121433615.241168 102283355.297039 0.000000
 979 445 4080 4080 145352920 128212120 137319177.615111 102171108.342802 0.000000
 980 446 4080 4080 154040232 142009832 149535126.811759 102304622.271092 0.000000
 981 447 4484 4486 157148440 162054056 133565489.239497 102047619.908166 0.000000
 982 448 2652 2650 122335812 133569396 107154878.714741 102105776.804130 0.000000
 983 449 2448 2447 127320480 126459672 101823744.334510 102114598.472075 0.000000
 990 450 2447 2448 110877152 107973160 77429273.575825 101928929.224137 0.000000
 991 451 3876 3875 139528396 142982788 119058135.077573 102163532.538859 0.000000
 992 452 1630 1631 80643128 84158336 61053180.724238 101869505.746561 0.000000
 993 453 1836 1836 134899436 125302636 87524141.729751 102239459.491060 0.000000
 994 454 2650 2652 110905796 94014612 91665683.069290 101906060.458228 0.000000
 1001 455 4080 4080 155151256 142964056 135658273.965957 101934445.184295 0.000000
 1002 456 1832 1836 91984276 94542708 67814000.560062 101693053.045022 0.000000
 1003 457 2039 2038 112650312 123407104 93518125.825966 102067849.900546 0.000000
 1004 458 1632 1631 117724736 112684728 82727304.975355 102066430.367082 0.000000
 1005 459 4485 4487 145564840 143012856 147896022.046805 102216494.592398 0.000000
 1012 460 3876 3875 138629660 142036052 147947095.051363 102360143.362997 0.000000
 1013 461 2446 2447 114961784 118723392 109199099.294390 102283506.582785 0.000000
 1014 462 1836 1836 134378084 124581284 108441345.197931 102194352.915896 0.000000
 1015 463 4486 4488 145455840 128212656 146406297.075314 102106056.182318 0.000000
 1016 464 4080 4080 154040232 142009832 168817178.101499 102106445.977917 0.000000
 1023 465 3260 3262 143454232 145420648 114995587.480569 102066598.859899 0.000000
 1024 466 2039 2038 112266928 123268520 94857459.972699 101928550.564358 0.000000
 1025 467 1632 1631 117336912 112300104 106036415.462339 101942456.719387 0.000000
 1026 468 2853 2856 110679376 107972200 97094590.364197 101918109.409383 0.000000
 1027 469 3876 3875 139528396 142982788 123772480.280533 101832438.058559 0.000000
 1034 470 2650 2652 95074404 107383220 63345938.836610 101615313.223156 0.000000
 1035 471 3672 3672 141559048 142298248 118190850.128189 101717049.715733 0.000000
 1036 472 1428 1428 82922716 78562716 52214324.573732 101617659.859391 0.000000
 1037 473 2856 2856 131495704 127617304 100746811.668852 101654201.803003 0.000000
 1038 474 1224 1224 93228312 96053912 58973669.578593 101334655.770986 0.000000
 1045 475 2652 2650 122555860 133843844 100564448.104235 101747755.554098 0.000000
 1046 476 1428 1428 109187436 104155436 87240193.639588 101712002.838927 0.000000
 1047 477 4079 4079 145461920 143012320 145316267.234898 101981608.862743 0.000000
 1048 478 3876 3875 138629660 142036052 192935005.294092 102120428.946303 0.000000
 1049 479 4078 4080 129397544 142195960 142190404.949413 101890767.220724 0.000000
 1056 480 3672 3672 140618520 141354520 167015840.996274 101968575.761484 0.000000
 1057 481 2856 2856 117170416 112756016 106563936.689737 101851606.961477 0.000000
 1058 482 2856 2856 130684752 126862352 151040858.217534 101978338.888274 0.000000
 1059 483 2652 2651 144665964 146902756 112895141.943074 101693514.568569 0.000000
 1060 484 2652 2650 122036724 133567908 129772682.955342 101971452.877287 0.000000
 1067 485 1428 1428 108911100 103879100 115390142.529869 101868058.044356 0.000000
 1068 486 2447 2448 110576456 107971664 72903975.677586 101715940.427125 0.000000
 1069 487 3876 3875 139528396 142982788 114079934.313988 101755745.244324 0.000000
 1070 488 1630 1631 80643128 84158336 52303968.876915 101413716.541556 0.000000
 1071 489 1836 1836 134899436 125302636 87141226.903245 101813461.025993 0.000000
 1078 490 1834 1836 83025636 78563252 47307847.230702 101406633.583296 0.000000
 1079 491 2856 2856 131495704 127617304 88227115.875764 101669898.378843 0.000000
 1080 492 816 816 79135392 81685792 46073353.950961 101291438.839041 0.000000
 1081 493 2039 2038 112351224 123405616 74538939.163363 101778003.832435 0.000000
 1082 494 1020 1020 98911460 93594660 61295494.186137 101712165.971268 0.000000
 1089 495 4079 4079 145161224 143010824 112142158.036138 101868176.559110 0.000000
 1090 496 3876 3875 138629660 142036052 147472457.147007 101930510.852988 0.000000
 1091 497 2446 2447 114961784 118723392 92093449.965771 102158384.772643 0.000000
 1092 498 1836 1836 134378084 124581284 95741430.982139 102144010.692982 0.000000
 1093 499 3262 3264 117273336 112756552 110375994.970378 102135627.948137 0.000000
 1100 500 2856 2856 130684752 126862352 100838208.065762 102145339.958840 0.000000
 1101 501 1836 1835 130852572 132810964 91201663.453635 102075935.306527 0.000000
 1102 502 2039 2038 111967840 123267032 75952928.314482 102416768.561590 0.000000
 1103 503 1020 1020 98772492 93457292 63014860.600888 102120587.482925 0.000000
 1104 504 4079 4079 145268960 143011360 142503756.344978 102551777.813904 0.000000
 1111 505 3876 3875 139528396 142982788 139771713.482004 102593732.621652 0.000000
 1112 506 4078 4080 129887992 142200008 126383867.879845 102476883.119537 0.000000
 1113 507 3672 3672 141559048 142298248 122969648.980630 102764763.346150 0.000000
 1114 508 4080 4080 145704568 128758968 139966899.902099 102357536.648793 0.000000
 1115 509 4080 4080 155151256 142964056 136425287.517793 102451177.259860 0.000000
 1122 510 4484 4486 158199336 163204152 155170419.283265 102338441.254664 0.000000
 1123 511 2652 2650 122854948 133845332 112751409.747337 102609349.355033 0.000000
 1124 512 2448 2447 127844312 127033104 114768254.705818 102372891.992688 0.000000
 1125 513 4079 4079 145762616 143013816 151850688.859360 102670893.733878 0.000000
 1126 514 3876 3875 138629660 142036052 146104157.784892 102942763.932731 0.000000
 1133 515 4078 4080 129397544 142195960 124848956.198789 102896333.607491 0.000000
 1134 516 3672 3672 140618520 141354520 144562188.417700 102964055.464734 0.000000
 1135 517 4080 4080 145352920 128212120 141640042.145478 102595325.580444 0.000000
 1136 518 4080 4080 154040232 142009832 158656282.844026 102627387.038334 0.000000
 1137 519 4484 4486 157148440 162054056 149194628.157689 102558002.938821 0.000000
 1144 520 2652 2650 122335812 133569396 124713305.028575 102747558.908395 0.000000
 1145 521 2448 2447 127320480 126459672 121419683.309556 102582246.343354 0.000000
 1146 522 4079 4079 145870352 143014352 133721517.642890 102477130.173548 0.000000
 1147 523 3876 3875 139528396 142982788 124364223.598437 102773364.055639 0.000000
 1148 524 2446 2447 115508136 118975344 105613242.600237 102439408.235363 0.000000
 1155 525 1836 1836 134899436 125302636 104793736.772663 102548425.289756 0.000000
 1156 526 4486 4488 145807488 128759504 155134847.637297 102410256.097483 0.000000
 1157 527 4080 4080 155151256 142964056 146468820.933974 102495405.235994 0.000000
 1158 528 3260 3262 144230152 146244568 127393129.821003 102217291.055693 0.000000
 1159 529 2039 2038 112650312 123407104 92184670.338359 102521222.114783 0.000000
 1166 530 1632 1631 117724736 112684728 111879290.227353 102519686.914287 0.000000
 1167 531 4485 4487 145564840 143012856 120363353.150387 102896807.775062 0.000000
 1168 532 3876 3875 138629660 142036052 137761099.583181 102963653.225652 0.000000
 1169 533 2446 2447 114961784 118723392 99968890.899383 102579909.224731 0.000000
 1170 534 1836 1836 134378084 124581284 95992377.812036 102913193.513439 0.000000
 1177 535 4486 4488 145455840 128212656 129407399.147098 102629933.331938 0.000000
 1178 536 4080 4080 154040232 142009832 140807064.228284 102747860.844891 0.000000
 1179 537 3260 3262 143454232 145420648 105237168.519156 102519894.007193 0.000000
 1180 538 2039 2038 112266928 123268520 79205464.353327 102528403.653926 0.000000
 1181 539 1632 1631 117336912 112300104 81464021.181729 102610760.670081 0.000000
 1188 540 4485 4487 145672576 143013392 129913749.095211 102586863.493546 0.000000
 1189 541 3876 3875 139528396 142982788 137867393.623698 102383262.316760 0.000000
 1190 542 4078 4080 129887992 142200008 131647595.853207 102191409.701904 0.000000
 1191 543 3672 3672 141559048 142298248 124253962.445087 102344770.545128 0.000000
 1192 544 2856 2856 117723080 113307080 115710414.979065 102127232.742745 0.000000
 1199 545 2856 2856 131495704 127617304 117324583.118299 102233330.777425 0.000000
 1200 546 2652 2651 145469364 147755756 123194546.691292 102028768.818283 0.000000
 1201 547 2652 2650 122555860 133843844 120895511.792050 102221599.258983 0.000000
 1202 548 1428 1428 109187436 104155436 77833381.912191 102092172.924758 0.000000
 1203 549 4079 4079 145461920 143012320 155229466.649586 102489705.606368 0.000000
 1210 550 3876 3875 138629660 142036052 113325053.871901 102596223.175031 0.000000
 1211 551 4078 4080 129397544 142195960 133018668.407921 102465332.239787 0.000000
 1212 552 3672 3672 140618520 141354520 122622719.091619 102491995.552100 0.000000
 1213 553 2856 2856 117170416 112756016 95104237.319782 102316218.822331 0.000000
 1214 554 2856 2856 130684752 126862352 96560570.062533 102382496.968836 0.000000
 1221 555 2652 2651 144665964 146902756 109985446.420817 102188868.184607 0.000000
 1222 556 2652 2650 122036724 133567908 107184466.993433 102462543.103817 0.000000
 1223 557 1428 1428 108911100 103879100 73462218.015789 102168265.548449 0.000000
 1224 558 4079 4079 145569656 143012856 148038236.567326 102203898.895827 0.000000
 1225 559 3876 3875 139528396 142982788 153364820.652658 102351069.620221 0.000000
 1232 560 2446 2447 115508136 118975344 87572790.912471 102136113.244876 0.000000
 1233 561 1836 1836 134899436 125302636 94624658.522593 102337659.240003 0.000000
 1234 562 3262 3264 117826000 113307616 104619170.426658 102144666.741485 0.000000
 1235 563 2856 2856 131495704 127617304 109452121.169490 102186515.337747 0.000000
 1236 564 1836 1835 131379636 133387628 92141202.643873 102182487.527071 0.000000
 1243 565 2039 2038 112351224 123405616 90779360.379809 102259812.359741 0.000000
 1244 566 1020 1020 98911460 93594660 72038524.110250 102102370.580424 0.000000
 1245 567 4079 4079 145161224 143010824 134596468.686795 102465775.162887 0.000000
 1246 568 3876 3875 138629660 142036052 136622197.570765 102501002.256667 0.000000
 1247 569 2446 2447 114961784 118723392 102267179.639225 102391648.853445 0.000000
 1254 570 1836 1836 134378084 124581284 102038268.770683 102586567.044216 0.000000
 1255 571 3262 3264 117273336 112756552 105357089.523216 102326648.818266 0.000000
 1256 572 2856 2856 130684752 126862352 101778855.434894 102474226.340432 0.000000
 1257 573 1836 1835 130852572 132810964 91297812.356852 102150178.600344 0.000000
 1258 574 2039 2038 111967840 123267032 76869151.092336 102323903.472658 0.000000
 1265 575 1020 1020 98772492 93457292 65289547.275061 102173066.827555 0.000000
 1266 576 1835 1836 103032212 105454620 64562195.826534 102717364.560289 0.000000
 1267 577 1632 1632 101528728 105447128 53935329.468653 102885152.908851 0.000000
 1268 578 2652 2652 116236132 122442532 92420843.575626 102947228.092326 0.000000
 1269 579 2652 2652 122140908 122512108 84354447.109105 102999124.495909 0.000000
 1276 580 2244 2244 121851740 113843740 104167184.921783 103024524.926773 0.000000
 1277 581 2244 2244 128796668 120983868 97494301.691707 103047597.771836 0.000000
 1278 582 4078 4078 158096416 163203616 158158663.626880 102971484.016582 0.000000
 1279 583 2652 2650 122854948 133845332 113405923.056796 103006365.311045 0.000000
 1280 584 2448 2447 127844312 127033104 132726243.531017 103109506.275485 0.000000
 1287 585 1835 1836 103332908 105456116 70936815.192917 103169823.240087 0.000000
 1288 586 1632 1632 101106704 104975504 77138036.358351 103320785.227890 0.000000
 1289 587 2652 2652 115990100 122439700 100828244.351110 103252912.405296 0.000000
 1290 588 2652 2652 121449252 121818852 128780139.819113 103647922.678885 0.000000
 1291 589 2244 2244 121577020 113569020 102944100.613004 103231919.270558 0.000000
 1298 590 2244 2244 128018268 120307868 110467070.780485 103610294.544298 0.000000
 1299 591 4078 4078 157045520 162053520 122471296.803309 103396960.294934 0.000000
 1300 592 2652 2650 122335812 133569396 166247910.998059 103656932.034477 0.000000
 1301 593 2448 2447 127320480 126459672 147126050.837760 103722228.143558 0.000000
 1302 594 2855 2856 129932888 123118496 107134115.451832 103342980.043782 0.000000
 1309 595 2652 2652 123552340 123086740 87948566.213987 103155286.765444 0.000000
 1310 596 3058 3060 116377644 122443260 108787558.252447 102984076.877759 0.000000
 1311 597 2652 2652 122144124 122512124 99776004.287616 103358172.715761 0.000000
 1312 598 4080 4080 145704568 128758968 162237014.421567 103010523.576122 0.000000
 1313 599 4080 4080 155151256 142964056 153838290.827697 103239640.861484 0.000000
 1320 600 4484 4486 158199336 163204152 129170489.400653 103121650.989132 0.000000
 1321 601 2652 2650 122854948 133845332 118508506.837846 103352295.975739 0.000000
 1322 602 2448 2447 127844312 127033104 87372961.327934 103459287.352797 0.000000
 1323 603 2855 2856 129826760 123117968 127241432.519523 103310846.295183 0.000000
 1324 604 2652 2652 122855852 122391852 127925528.914199 103690280.788565 0.000000
 1331 605 3058 3060 116133220 122440436 100666658.715849 103632906.927649 0.000000
 1332 606 2652 2652 121452468 121818868 124208919.411071 103753452.752148 0.000000
 1333 607 4080 4080 145352920 128212120 117538212.573001 103386996.047037 0.000000
 1334 608 4080 4080 154040232 142009832 148580186.679500 103706803.168292 0.000000
 1335 609 4484 4486 157148440 162054056 153365290.850576 103697121.840043 0.000000
 1342 610 2652 2650 122335812 133569396 114453394.700792 103756193.914826 0.000000
 1343 611 2448 2447 127320480 126459672 106700863.987861 103828012.044412 0.000000
 1344 612 2651 2651 119483580 125225980 72005603.973307 103452140.580111 0.000000
 1345 613 2448 2447 117378704 125215496 101818595.705664 103095979.705146 0.000000
 1346 614 3672 3672 129746480 142199280 130617490.187370 103026673.767478 0.000000
 1353 615 3672 3672 141555832 142298232 136257893.535485 103093103.621183 0.000000
 1354 616 2244 2244 121851740 113843740 98716353.274810 103044612.406371 0.000000
 1355 617 2244 2244 128796668 120983868 97391798.585333 103084991.379588 0.000000
 1356 618 4078 4078 158096416 163203616 122991006.372181 102918428.588924 0.000000
 1357 619 2652 2650 122854948 133845332 98506469.141379 103148963.700009 0.000000
 1364 620 2448 2447 127844312 127033104 111928790.674540 103219343.709142 0.000000
 1365 621 2651 2651 119182884 125224484 86566580.844855 103316216.229568 0.000000
 1366 622 2448 2447 116756048 124493640 79580828.287563 103441676.964366 0.000000
 1367 623 3672 3672 129254424 142195224 98453578.305355 103374325.635829 0.000000
 1368 624 3672 3672 140615304 141354504 112293120.354524 103705829.103641 0.000000
 1375 625 2244 2244 121577020 113569020 79061640.262613 103098409.443988 0.000000
 1376 626 2244 2244 128018268 120307868 80149295.655605 103449383.132085 0.000000
 1377 627 4078 4078 157045520 162053520 115593738.504157 103208319.931007 0.000000
 1378 628 2652 2650 122335812 133569396 92631117.636521 103638409.917471 0.000000
 1379 629 2448 2447 127320480 126459672 95640893.399826 103612344.002221 0.000000
 1386 630 4079 4079 145870352 143014352 118480956.898547 103214862.215884 0.000000
 1387 631 3876 3875 139528396 142982788 118121275.914153 103139730.033137 0.000000
 1388 632 4078 4080 129887992 142200008 123649671.745977 103128568.614128 0.000000
 1389 633 3672 3672 141559048 142298248 109375612.300416 103447729.886517 0.000000
 1390 634 4080 4080 145704568 128758968 127328370.611886 102944089.144485 0.000000
 1397 635 4080 4080 155151256 142964056 123939730.584114 103151634.722848 0.000000
 1398 636 4484 4486 158199336 163204152 144562668.561750 102992893.920436 0.000000
 1399 637 2652 2650 122854948 133845332 100335037.561603 103341444.869445 0.000000
 1400 638 2448 2447 127844312 127033104 97267145.003099 103219439.603430 0.000000
 1401 639 4079 4079 145762616 143013816 130748814.958534 103412972.146459 0.000000
 1408 640 3876 3875 138629660 142036052 134026708.283935 103710592.513812 0.000000
 1409 641 4078 4080 129397544 142195960 111901493.624531 103529866.429402 0.000000
 1410 642 3672 3672 140618520 141354520 124013201.854242 103809513.364748 0.000000
 1411 643 4080 4080 145352920 128212120 119745652.417307 103502220.480998 0.000000
 1412 644 4080 4080 154040232 142009832 138481504.200530 103650521.179032 0.000000
 1419 645 4484 4486 157148440 162054056 117823252.849474 103443292.153128 0.000000
 1420 646 2652 2650 122335812 133569396 113921247.388369 103556854.395655 0.000000
 1421 647 2448 2447 127320480 126459672 101546803.282315 103617121.397529 0.000000
 1422 648 1835 1836 103633604 105457612 75023777.474572 103725279.482674 0.000000
 1423 649 1632 1632 101528728 105447128 74105814.836826 103868905.073358 0.000000
 1430 650 2652 2652 116236132 122442532 84625581.072851 103777210.299255 0.000000
 1431 651 2652 2652 122140908 122512108 100614114.104991 104064080.946215 0.000000
 1432 652 2244 2244 121851740 113843740 72455061.174131 103721703.085877 0.000000
 1433 653 2244 2244 128796668 120983868 103202881.337447 104027971.165264 0.000000
 1434 654 4078 4078 158096416 163203616 124648253.628106 103964948.969908 0.000000
 1441 655 2652 2650 122854948 133845332 142520196.575973 104147399.983728 0.000000
 1442 656 2448 2447 127844312 127033104 93134509.425791 104086551.787931 0.000000
 1443 657 1835 1836 103332908 105456116 91666472.461470 104007927.766324 0.000000
 1444 658 1020 1020 67012300 70881100 71732510.242324 104038563.381811 0.000000
 1445 659 2652 2652 115990100 122439700 124168237.735908 104148273.674732 0.000000
 1452 660 1632 1632 87576216 87945816 73510942.422381 104153597.151159 0.000000
 1453 661 2244 2244 121577020 113569020 89670796.674909 104074114.729256 0.000000
 1454 662 1428 1428 94282332 86517532 68105258.397050 104026829.297984 0.000000
 1455 663 3875 3874 156994060 162053252 121291667.056705 104160121.865971 0.000000
 1456 664 1632 1630 97357384 108296568 50435757.711360 104133433.706026 0.000000
 1463 665 1428 1427 102642748 101188340 76757918.092590 104168810.021179 0.000000
 1464 666 2855 2856 129632192 123117000 93645323.995990 103921848.988096 0.000000
 1465 667 2652 2652 123552340 123086740 81139171.896410 104024522.908116 0.000000
 1466 668 3058 3060 116377644 122443260 92940730.599257 104061526.525973 0.000000
 1467 669 2652 2652 122144124 122512124 82243129.566107 103943186.763395 0.000000
 1474 670 4080 4080 145704568 128758968 128105355.105575 103893883.422473 0.000000
 1475 671 4080 4080 155151256 142964056 115165618.228470 104072043.718161 0.000000
 1476 672 4484 4486 158199336 163204152 115947789.144656 104074125.261616 0.000000
 1477 673 2652 2650 122854948 133845332 99049757.587355 104066549.143754 0.000000
 1478 674 2448 2447 127844312 127033104 105515908.796464 104043511.479605 0.000000
 1485 675 2855 2856 129826760 123117968 84845946.083125 104147924.007137 0.000000
 1486 676 1632 1632 88812880 88297680 44603495.774714 104074581.567808 0.000000
 1487 677 2855 2856 116081760 122440168 84825983.164735 103963168.532430 0.000000
 1488 678 1632 1632 87579432 87945832 66143536.196759 104005105.169144 0.000000
 1489 679 4080 4080 145352920 128212120 116634603.088218 104148515.552933 0.000000
 1496 680 2652 2652 120358932 108219732 70485707.251630 104135657.220862 0.000000
 1497 681 4078 4078 157045520 162053520 126466523.691701 104055415.155558 0.000000
 1498 682 1632 1630 97357384 108296568 73780675.692509 103995276.324441 0.000000
 1499 683 1428 1427 102642748 101188340 72564421.746433 104019821.238595 0.000000
 1500 684 2651 2651 119182884 125224484 92973626.850665 103820593.776301 0.000000
 1507 685 2448 2447 117378704 125215496 75198237.559355 103962547.334661 0.000000
 1508 686 3672 3672 129746480 142199280 125546317.320099 103843407.992273 0.000000
 1509 687 3672 3672 141555832 142298232 107810165.795732 104074595.400217 0.000000
 1510 688 2244 2244 121851740 113843740 84472971.932707 103673771.899246 0.000000
 1511 689 2244 2244 128796668 120983868 88923900.839295 103702312.432901 0.000000
 1518 690 4078 4078 158096416 163203616 126784627.383667 103662448.629784 0.000000
 1519 691 2652 2650 122854948 133845332 100408414.881868 103886316.450953 0.000000
 1520 692 2448 2447 127844312 127033104 97831372.204341 103711347.523782 0.000000
 1521 693 2651 2651 119182884 125224484 92204265.462864 103962568.999301 0.000000
 1522 694 1632 1631 82661632 90399224 60282002.604950 104156707.331456 0.000000
 1529 695 3672 3672 129254424 142195224 106998205.293331 104098090.995548 0.000000
 1530 696 2244 2244 106742244 107481444 77418778.476119 104117447.171679 0.000000
 1531 697 2244 2244 121577020 113569020 78013708.183073 103978524.250777 0.000000
 1532 698 1428 1428 94282332 86517532 61752531.036402 104007238.724423 0.000000
 1533 699 3875 3874 156994060 162053252 113254017.819962 103945694.244730 0.000000
 1540 700 1632 1630 97357384 108296568 56275590.596958 103869806.728129 0.000000
 1541 701 1428 1427 102642748 101188340 53659209.983668 103775529.020363 0.000000
 1542 702 4079 4079 145569656 143012856 119510725.078232 103862715.065292 0.000000
 1543 703 3876 3875 139528396 142982788 116129867.979382 104086122.954003 0.000000
 1544 704 4078 4080 129887992 142200008 123969287.022375 103835592.355146 0.000000
 1551 705 3672 3672 141559048 142298248 134137011.492068 103867166.688518 0.000000
 1552 706 4080 4080 145704568 128758968 130481087.274694 103853817.528205 0.000000
 1553 707 4080 4080 155151256 142964056 139729588.653582 103895394.144600 0.000000
 1554 708 4484 4486 158199336 163204152 138307258.480878 103693658.181383 0.000000
 1555 709 2652 2650 122854948 133845332 104733254.062067 103907136.498428 0.000000
 1562 710 2448 2447 127844312 127033104 107410738.087591 103669098.153434 0.000000
 1563 711 4079 4079 145762616 143013816 123240566.727213 104086481.101085 0.000000
 1564 712 2448 2447 104586664 107941856 75391017.922995 104118098.709868 0.000000
 1565 713 3875 3876 129346084 142195692 107302989.845906 103951776.699243 0.000000
 1566 714 2244 2244 106745460 107481460 68922857.918079 103848349.070425 0.000000
 1573 715 4080 4080 145352920 128212120 100501288.535312 103945935.539953 0.000000
 1574 716 2652 2652 120358932 108219732 79169035.879681 103960736.531436 0.000000
 1575 717 4078 4078 157045520 162053520 110082561.896351 103778391.582502 0.000000
 1576 718 1632 1630 97357384 108296568 66716831.611781 103675411.331219 0.000000
 1577 719 1428 1427 102642748 101188340 70795757.670656 103650076.829567 0.000000
 1584 720 2855 2856 129632192 123117000 88922800.669777 103226564.516524 0.000000
 1585 721 2652 2652 123552340 123086740 98142952.722059 103399400.506159 0.000000
 1586 722 3058 3060 116377644 122443260 97744720.111969 103365150.919493 0.000000
 1587 723 2652 2652 122144124 122512124 105247038.967868 103407740.617311 0.000000
 1588 724 4080 4080 145704568 128758968 119710139.075408 103133600.803992 0.000000
 1595 725 4080 4080 155151256 142964056 144320383.876200 103405212.610545 0.000000
 1596 726 4484 4486 158199336 163204152 141163946.640319 103452968.829070 0.000000
 1597 727 2652 2650 122854948 133845332 113951277.245591 103400198.696347 0.000000
 1598 728 2448 2447 127844312 127033104 106260749.054165 103509325.350368 0.000000
 1599 729 2855 2856 129826760 123117968 122335295.010624 103426115.598903 0.000000
 1606 730 2652 2652 122855852 122391852 102271205.327334 103768000.372299 0.000000
 1607 731 3058 3060 116133220 122440436 83769640.433877 103748212.475383 0.000000
 1608 732 2652 2652 121452468 121818868 107032765.335293 103552883.966489 0.000000
 1609 733 4080 4080 145352920 128212120 137140739.091585 103506768.295908 0.000000
 1610 734 4080 4080 154040232 142009832 139320594.763847 103794228.136683 0.000000
 1617 735 4484 4486 157148440 162054056 122842666.560785 103804003.305884 0.000000
 1618 736 2652 2650 122335812 133569396 109036837.477606 103564435.078515 0.000000
 1619 737 2448 2447 127320480 126459672 109825738.517022 103592405.513953 0.000000
 1620 738 2855 2856 129932888 123118496 101042105.365011 103291465.718670 0.000000
 1621 739 2652 2652 123552340 123086740 106018974.800727 103448978.261058 0.000000
 1628 740 1834 1836 102038012 99218828 69519600.106578 103407227.261028 0.000000
 1629 741 1428 1428 109255156 105485556 70355016.050065 103237039.739494 0.000000
 1630 742 4486 4488 145807488 128759504 135696779.086752 103199947.949570 0.000000
 1631 743 4080 4080 155151256 142964056 160951455.081687 103449656.115631 0.000000
 1632 744 3260 3262 144230152 146244568 114862409.054983 103497254.798935 0.000000
 1639 745 1836 1834 112401068 123405852 107442161.452865 103308354.518655 0.000000
 1640 746 1632 1631 117724736 112684728 108797723.988760 103346401.579050 0.000000
 1641 747 3261 3264 129628984 123117008 124140991.727959 103407422.886241 0.000000
 1642 748 2652 2652 122855852 122391852 115266561.431728 103545419.064223 0.000000
 1643 749 1834 1836 101739292 98968108 95666299.198755 103436601.065317 0.000000
 1650 750 1428 1428 108733436 105013436 74641810.212332 103308032.173216 0.000000
 1651 751 4486 4488 145455840 128212656 174583646.794763 103475161.043814 0.000000
 1652 752 4080 4080 154040232 142009832 164934851.562290 103578419.548174 0.000000
 1653 753 3260 3262 143454232 145420648 128114487.919103 103500274.614280 0.000000
 1654 754 1836 1834 112017684 123267268 78574517.498868 103363230.146072 0.000000
 1661 755 1632 1631 117336912 112300104 108042572.464996 103392316.875373 0.000000
 1662 756 4485 4487 145672576 143013392 152965248.970959 103202771.824341 0.000000
 1663 757 3876 3875 139528396 142982788 144635552.277406 103476639.021175 0.000000
 1664 758 4078 4080 129887992 142200008 140448177.181467 103302891.004973 0.000000
 1665 759 3672 3672 141559048 142298248 118798678.507962 103509012.919714 0.000000
 1672 760 4080 4080 145704568 128758968 133787585.222392 103320757.800332 0.000000
 1673 761 4080 4080 155151256 142964056 129975319.200442 103350166.177595 0.000000
 1674 762 4484 4486 158199336 163204152 138573624.332802 103111658.898968 0.000000
 1675 763 2652 2650 122854948 133845332 98741278.685427 103452863.700512 0.000000
 1676 764 2448 2447 127844312 127033104 106481410.400113 103197599.459305 0.000000
 1683 765 4079 4079 145762616 143013816 132546876.695218 103528232.271845 0.000000
 1684 766 3876 3875 138629660 142036052 131023502.379142 103815914.891277 0.000000
 1685 767 4078 4080 129397544 142195960 127531800.569280 103521745.111672 0.000000
 1686 768 3672 3672 140618520 141354520 140005830.887033 103500775.629707 0.000000
 1687 769 4080 4080 145352920 128212120 123163937.473092 103544878.094950 0.000000
 1694 770 4080 4080 154040232 142009832 148004293.980140 103548876.947935 0.000000
 1695 771 4484 4486 157148440 162054056 142062602.007755 103356608.222223 0.000000
 1696 772 2652 2650 122335812 133569396 114171180.768540 103484749.690036 0.000000
 1697 773 2448 2447 127320480 126459672 111332475.239604 103507617.814296 0.000000
 1698 774 4079 4079 145870352 143014352 147075219.576462 103303229.711460 0.000000
 1705 775 3876 3875 139528396 142982788 122917094.192709 103509263.524036 0.000000
 1706 776 2446 2447 115508136 118975344 104014517.714319 103235908.960529 0.000000
 1707 777 1836 1836 134899436 125302636 101516906.832397 103253902.945105 0.000000
 1708 778 4486 4488 145807488 128759504 143456567.640917 103219532.348462 0.000000
 1709 779 4080 4080 155151256 142964056 137751618.221088 103344593.182773 0.000000
 1716 780 3260 3262 144230152 146244568 122300202.456232 103162507.610709 0.000000
 1717 781 2039 2038 112650312 123407104 114339666.319648 103382828.393870 0.000000
 1718 782 1632 1631 117724736 112684728 104173439.790233 103381443.767502 0.000000
 1719 783 4485 4487 145564840 143012856 153128984.602543 103509652.499622 0.000000
 1720 784 3876 3875 138629660 142036052 151550482.180076 103512127.551836 0.000000
 1727 785 2446 2447 114961784 118723392 105141898.224722 103332890.660071 0.000000
 1728 786 1836 1836 134378084 124581284 99285411.860009 103356399.393287 0.000000
 1729 787 4486 4488 145455840 128212656 151604405.417938 103344855.517722 0.000000
 1730 788 4080 4080 154040232 142009832 167731963.668562 103460456.345660 0.000000
 1731 789 3260 3262 143454232 145420648 141871164.998088 103380354.240926 0.000000
 1738 790 2039 2038 112266928 123268520 107024755.958202 103457683.880380 0.000000
 1739 791 1632 1631 117336912 112300104 102181039.054242 103455982.211788 0.000000
 1740 792 3261 3264 129735112 123117536 126569441.887902 103773687.098771 0.000000
 1741 793 2652 2652 123552340 123086740 125217711.811990 103834353.178966 0.000000
 1742 794 3058 3060 116377644 122443260 127754034.108429 103885115.636374 0.000000
 1749 795 2652 2652 122144124 122512124 105490613.808650 103656486.710200 0.000000
 1750 796 4080 4080 145704568 128758968 157858804.781491 103795138.741745 0.000000
 1751 797 4080 4080 155151256 142964056 147296440.717878 103901123.037967 0.000000
 1752 798 4484 4486 158199336 163204152 153562842.811792 103826430.384808 0.000000
 1753 799 2652 2650 122854948 133845332 115526530.068488 103636702.981745 0.000000
 1760 800 2448 2447 127844312 127033104 118374641.395927 103649722.608697 0.000000
 1761 801 2855 2856 129826760 123117968 106576384.788959 103920063.324166 0.000000
 1762 802 1632 1632 88812880 88297680 63286027.353617 103704213.240033 0.000000
 1763 803 2855 2856 116081760 122440168 92589321.490374 103745976.063881 0.000000
 1764 804 1632 1632 87579432 87945832 52454117.264000 103577801.309868 0.000000
 1771 805 4080 4080 145352920 128212120 130815358.768776 103920836.919932 0.000000
 1772 806 2652 2652 120358932 108219732 77694667.121312 103814803.024628 0.000000
 1773 807 4078 4078 157045520 162053520 133419951.534632 103822089.179605 0.000000
 1774 808 1632 1630 97357384 108296568 64170611.742956 103570664.926473 0.000000
 1775 809 1428 1427 102642748 101188340 71257014.725696 103605999.761044 0.000000
 1782 810 2855 2856 129632192 123117000 127283684.735447 103592240.532695 0.000000
 1783 811 2652 2652 123552340 123086740 101893611.520241 103592538.687773 0.000000
 1784 812 1834 1836 102038012 99218828 75808652.604917 103449599.570912 0.000000
 1785 813 1428 1428 109255156 105485556 75633836.549945 103369723.711821 0.000000
 1786 814 4486 4488 145807488 128759504 166507828.554668 103592363.650163 0.000000
 1793 815 4080 4080 155151256 142964056 131665295.121525 103644859.749566 0.000000
 1794 816 3260 3262 144230152 146244568 123360166.574647 103520499.141216 0.000000
 1795 817 1836 1834 112401068 123405852 87682876.007103 103531327.037760 0.000000
 1796 818 1632 1631 117724736 112684728 83741857.302913 103362696.389233 0.000000
 1797 819 3261 3264 129628984 123117008 110508636.050084 103502187.295013 0.000000
 1804 820 1632 1632 88812880 88297680 56658289.020457 103505263.484816 0.000000
 1805 821 1631 1632 101687832 98967840 59399718.671408 103483077.071517 0.000000
 1806 822 816 816 74690488 70919288 35243589.826093 103230864.269096 0.000000
 1807 823 4283 4284 145404380 128212388 121888718.886880 103504744.757422 0.000000
 1808 824 2652 2652 120358932 108219732 88626674.078877 103555794.622506 0.000000
 1815 825 2854 2854 143351312 145420112 100013642.969499 103519150.704111 0.000000
 1816 826 1224 1222 86903528 97857112 65169885.919808 103552721.059125 0.000000
 1817 827 1020 1019 92523196 86839988 64498216.330192 103551254.803452 0.000000
 1818 828 4282 4283 145320420 143011628 118133922.278886 103816711.292977 0.000000
 1819 829 3876 3875 139528396 142982788 125457131.760435 103838377.783146 0.000000
 1826 830 4078 4080 129887992 142200008 143311595.720535 103737687.003886 0.000000
 1827 831 3672 3672 141559048 142298248 116971263.389708 103651112.633628 0.000000
 1828 832 4080 4080 145704568 128758968 129964922.516023 103694705.231560 0.000000
 1829 833 4080 4080 155151256 142964056 131090915.120355 103741183.368364 0.000000
 1830 834 4484 4486 158199336 163204152 151507043.308850 103499170.727579 0.000000
 1837 835 2652 2650 122854948 133845332 121152149.659169 103711680.861180 0.000000
 1838 836 2448 2447 127844312 127033104 103416471.293808 103522901.370193 0.000000
 1839 837 4079 4079 145762616 143013816 120459908.862858 103864536.007806 0.000000
 1840 838 2448 2447 104586664 107941856 93014276.556558 103821739.903902 0.000000
 1841 839 3875 3876 129346084 142195692 118805285.156855 103743068.850805 0.000000
 1848 840 2244 2244 106745460 107481460 99535248.968391 103687159.895296 0.000000
 1849 841 4080 4080 145352920 128212120 118399869.133993 103767148.163899 0.000000
 1850 842 2652 2652 120358932 108219732 94889978.346037 103713074.472781 0.000000
 1851 843 4078 4078 157045520 162053520 144497049.432439 103617225.436958 0.000000
 1852 844 1632 1630 97357384 108296568 70691705.159916 103498808.236604 0.000000
 1859 845 1428 1427 102642748 101188340 80055740.725424 103522273.191974 0.000000
 1860 846 4079 4079 145569656 143012856 146041921.459544 103512828.744347 0.000000
 1861 847 3876 3875 139528396 142982788 118484747.433466 103523242.757313 0.000000
 1862 848 2446 2447 115508136 118975344 97302030.245691 103454223.658936 0.000000
 1863 849 1836 1836 134899436 125302636 80235324.414808 103362884.346442 0.000000
 1870 850 4486 4488 145807488 128759504 119144398.748249 103460118.127913 0.000000
 1871 851 4080 4080 155151256 142964056 122719514.092835 103552123.704688 0.000000
 1872 852 3260 3262 144230152 146244568 96119418.791598 103456486.515790 0.000000
 1873 853 2039 2038 112650312 123407104 79415256.279564 103271897.268120 0.000000
 1874 854 1632 1631 117724736 112684728 86733280.482261 103286894.617101 0.000000
 1881 855 4485 4487 145564840 143012856 118276662.922534 103530688.675782 0.000000
 1882 856 2448 2447 104586664 107941856 66362776.216141 103574876.355553 0.000000
 1883 857 2243 2243 114910324 118723124 73004140.958936 103220558.705683 0.000000
 1884 858 1020 1020 100335124 90487124 55933041.203765 103359619.492919 0.000000
 1885 859 4283 4284 145404380 128212388 124317449.093025 103551794.007886 0.000000
 1892 860 2652 2652 120358932 108219732 89007107.328602 103675581.171034 0.000000
 1893 861 2854 2854 143351312 145420112 97009428.202573 103298844.788473 0.000000
 1894 862 1427 1426 87152772 97858364 56933729.674852 103372813.159235 0.000000
 1895 863 1020 1019 92523196 86839988 47123855.604865 103136156.313386 0.000000
 1896 864 2854 2855 118933648 125223256 96328319.614618 102891467.809875 0.000000
 1903 865 2448 2447 117378704 125215496 86331459.310861 102874271.553046 0.000000
 1904 866 3672 3672 129746480 142199280 121772516.241052 102858303.537439 0.000000
 1905 867 3672 3672 141555832 142298232 104945105.779087 103219764.750804 0.000000
 1906 868 2244 2244 121851740 113843740 85473712.178920 102554262.252204 0.000000
 1907 869 2244 2244 128796668 120983868 86674734.939738 102804073.767591 0.000000
 1914 870 4078 4078 158096416 163203616 142128398.322963 102639889.694875 0.000000
 1915 871 2652 2650 122854948 133845332 112486989.640865 103016177.155657 0.000000
 1916 872 2448 2447 127844312 127033104 105554015.690610 103008508.201803 0.000000
 1917 873 2651 2651 119182884 125224484 113653842.299770 103194945.073020 0.000000
 1918 874 2448 2447 116756048 124493640 97116441.907816 103264076.464987 0.000000
 1925 875 3672 3672 129254424 142195224 102382814.621498 103271803.707164 0.000000
 1926 876 3672 3672 140615304 141354504 132415932.304110 103612298.250122 0.000000
 1927 877 2244 2244 121577020 113569020 94675809.161896 102884853.922373 0.000000
 1928 878 2244 2244 128018268 120307868 108756972.239060 102975481.672123 0.000000
 1929 879 4078 4078 157045520 162053520 144297053.454156 103021427.842699 0.000000
 1936 880 2652 2650 122335812 133569396 103202675.872251 103326166.750942 0.000000
 1937 881 2448 2447 127320480 126459672 99133980.967866 103084941.414108 0.000000
 1938 882 4079 4079 145870352 143014352 131320426.983309 102951779.753622 0.000000
 1939 883 3876 3875 139528396 142982788 124764161.213287 103248097.106672 0.000000
 1940 884 4078 4080 129887992 142200008 131662182.666156 103005869.853074 0.000000
 1947 885 3672 3672 141559048 142298248 114552396.679572 103186531.252744 0.000000
 1948 886 4080 4080 145704568 128758968 127363905.855932 102835129.130957 0.000000
 1949 887 4080 4080 155151256 142964056 131759001.211442 103018970.794724 0.000000
 1950 888 4484 4486 158199336 163204152 132037058.816510 102729638.286398 0.000000
 1951 889 2652 2650 122854948 133845332 102282773.276365 103125348.850790 0.000000
 1958 890 2448 2447 127844312 127033104 108702874.994020 103043814.622998 0.000000
 1959 891 4079 4079 145762616 143013816 119735576.008023 103311274.835286 0.000000
 1960 892 3876 3875 138629660 142036052 112436174.246595 103612850.925211 0.000000
 1961 893 4078 4080 129397544 142195960 126998013.956822 103299668.075492 0.000000
 1962 894 3672 3672 140618520 141354520 115110021.326807 103490807.063747 0.000000
 1969 895 4080 4080 145352920 128212120 113176973.532126 103322628.480022 0.000000
 1970 896 4080 4080 154040232 142009832 126502544.835978 103351727.388407 0.000000
 1971 897 4484 4486 157148440 162054056 130755601.914142 103060945.480750 0.000000
 1972 898 2652 2650 122335812 133569396 95798965.105111 103236668.340040 0.000000
 1973 899 2448 2447 127320480 126459672 93576642.191302 103154248.683157 0.000000
 1980 900 2651 2651 119483580 125225980 93378923.311710 102962793.100734 0.000000
 1981 901 2448 2447 117378704 125215496 85652007.539832 102590775.929478 0.000000
 1982 902 3672 3672 129746480 142199280 116447176.845849 102623140.765826 0.000000
 1983 903 3672 3672 141555832 142298232 116165944.902031 103008836.176901 0.000000
 1984 904 1632 1632 102671080 98477480 71449538.232642 102470939.147717 0.000000
 1991 905 1632 1632 109551896 105659096 80248363.620685 102510879.825409 0.000000
 1992 906 2652 2651 145469364 147755756 111809089.439982 102419537.709525 0.000000
 1993 907 2652 2650 122555860 133843844 86539801.564110 102719795.263583 0.000000
 1994 908 1428 1428 109187436 104155436 67293357.542989 102670472.335360 0.000000
 1995 909 2651 2651 118882188 125222988 100280036.022504 102725042.827233 0.000000
 2002 910 2448 2447 116756048 124493640 94328336.830692 102897929.903461 0.000000
 2003 911 3672 3672 129254424 142195224 122974738.693864 103053172.108580 0.000000
 2004 912 3672 3672 140615304 141354504 142884875.574397 103086622.826476 0.000000
 2005 913 1632 1632 102394744 98201144 69809987.389536 102479344.250996 0.000000
 2006 914 1632 1632 109022112 105182112 81280193.136852 102707600.842548 0.000000
 2013 915 2652 2651 144665964 146902756 94122901.691446 102781020.456934 0.000000
 2014 916 2652 2650 122036724 133567908 108719054.678358 102918578.301181 0.000000
 2015 917 1428 1428 108911100 103879100 82380536.611522 102740906.026336 0.000000
 2016 918 4079 4079 145569656 143012856 137112840.339884 102615385.985730 0.000000
 2017 919 3876 3875 139528396 142982788 122691191.115904 103014385.223124 0.000000
 2024 920 4078 4080 129887992 142200008 131826266.566018 102712445.679846 0.000000
 2025 921 3672 3672 141559048 142298248 139409841.938127 102870033.857631 0.000000
 2026 922 2856 2856 117723080 113307080 106175151.373918 102671944.508150 0.000000
 2027 923 2856 2856 131495704 127617304 94665489.675366 102722557.895535 0.000000
 2028 924 2652 2651 145469364 147755756 115968270.111140 102394160.851057 0.000000
 2035 925 2652 2650 122555860 133843844 117136833.523342 102894360.719133 0.000000
 2036 926 1428 1428 109187436 104155436 90010076.370677 102670615.109869 0.000000
 2037 927 4079 4079 145461920 143012320 137450033.555029 103059343.414144 0.000000
 2038 928 3876 3875 138629660 142036052 165596441.634122 103100036.480677 0.000000
 2039 929 4078 4080 129397544 142195960 141490638.760389 102936027.934132 0.000000
 2046 930 3672 3672 140618520 141354520 143853229.141796 103140091.409297 0.000000
 2047 931 2856 2856 117170416 112756016 103727731.859128 102905707.152260 0.000000
 2048 932 2856 2856 130684752 126862352 113316914.209690 102909217.040656 0.000000
 2049 933 2652 2651 144665964 146902756 110421903.724409 102685220.908590 0.000000
 2050 934 2652 2650 122036724 133567908 109530143.500469 103069841.895680 0.000000
 2057 935 1428 1428 108911100 103879100 80830728.332210 102740404.801361 0.000000
 2058 936 2651 2651 119182884 125224484 77683892.843130 103417311.540277 0.000000
 2059 937 2448 2447 117378704 125215496 83085462.176590 103585406.760464 0.000000
 2060 938 3672 3672 129746480 142199280 121619811.717515 103623898.365893 0.000000
 2061 939 3672 3672 141555832 142298232 125694559.423704 103725817.240412 0.000000
 2068 940 2244 2244 121851740 113843740 85748326.569860 103364220.047634 0.000000
 2069 941 2244 2244 128796668 120983868 104540304.957485 103454311.351165 0.000000
 2070 942 4078 4078 158096416 163203616 141348294.672225 103370913.192880 0.000000
 2071 943 2652 2650 122854948 133845332 96698064.863405 103530195.241868 0.000000
 2072 944 2448 2447 127844312 127033104 113535478.688452 103430007.933217 0.000000
 2079 945 2651 2651 119182884 125224484 83354675.625407 103620945.310678 0.000000
 2080 946 1632 1631 82661632 90399224 48724375.608698 103750864.237726 0.000000
 2081 947 3672 3672 129254424 142195224 111951063.946810 103718024.578878 0.000000
 2082 948 2244 2244 106742244 107481444 77155076.245946 103721151.052600 0.000000
 2083 949 2244 2244 121577020 113569020 84509635.772636 103483117.933744 0.000000
 2090 950 1428 1428 94282332 86517532 55636673.809882 103523050.894093 0.000000
 2091 951 3875 3874 156994060 162053252 123161494.067543 103535051.580117 0.000000
 2092 952 1632 1630 97357384 108296568 68757591.458112 103452143.147018 0.000000
 2093 953 1428 1427 102642748 101188340 65121544.100791 103511790.434015 0.000000
 2094 954 4079 4079 145569656 143012856 151942652.108481 103653228.162811 0.000000
 2101 955 3876 3875 139528396 142982788 132566991.637323 103729616.350186 0.000000
 2102 956 4078 4080 129887992 142200008 119406837.019663 103513474.714549 0.000000
 2103 957 3672 3672 141559048 142298248 112338326.840364 103564860.305415 0.000000
 2104 958 4080 4080 145704568 128758968 121969158.045914 103452186.216564 0.000000
 2105 959 4080 4080 155151256 142964056 138269397.033144 103532648.607386 0.000000
 2112 960 4484 4486 158199336 163204152 145190949.918481 103300444.892107 0.000000
 2113 961 2652 2650 122854948 133845332 114002294.684411 103646413.076757 0.000000
 2114 962 2448 2447 127844312 127033104 99179739.516055 103424567.210009 0.000000
 2115 963 4079 4079 145762616 143013816 146757414.642017 103705280.154869 0.000000
 2116 964 2448 2447 104586664 107941856 96319972.032392 103721460.347679 0.000000
 2123 965 3875 3876 129346084 142195692 121384189.090726 103606224.087899 0.000000
 2124 966 2244 2244 106745460 107481460 81240345.865753 103608346.955429 0.000000
 2125 967 4080 4080 145352920 128212120 134573168.370021 103607926.185594 0.000000
 2126 968 2652 2652 120358932 108219732 93768411.216037 103643221.238981 0.000000
 2127 969 4078 4078 157045520 162053520 135930879.455503 103605754.009725 0.000000
 2134 970 1632 1630 97357384 108296568 76119043.147874 103494877.149201 0.000000
 2135 971 1428 1427 102642748 101188340 77706218.667581 103519564.170828 0.000000
 2136 972 2651 2651 119182884 125224484 94769755.271140 103058670.941049 0.000000
 2137 973 2448 2447 117378704 125215496 98011864.579074 103143678.077326 0.000000
 2138 974 3672 3672 129746480 142199280 130060165.269157 103335079.360455 0.000000
 2145 975 3672 3672 141555832 142298232 115985624.454115 103424501.739916 0.000000
 2146 976 1632 1632 102671080 98477480 81153204.854737 102747779.442527 0.000000
 2147 977 1632 1632 109551896 105659096 70662126.412761 102820327.443849 0.000000
 2148 978 2652 2651 145469364 147755756 117650138.217737 102987308.234799 0.000000
 2149 979 2652 2650 122555860 133843844 87801917.176990 103147554.067091 0.000000
 2156 980 1428 1428 109187436 104155436 92756061.254825 102880589.457751 0.000000
 2157 981 2651 2651 118882188 125222988 84256815.387148 103143487.641916 0.000000
 2158 982 1632 1631 82661632 90399224 48769597.984016 103356885.079048 0.000000
 2159 983 3672 3672 129254424 142195224 115982256.398072 103510163.038521 0.000000
 2160 984 2244 2244 106742244 107481444 73797587.590441 103533788.193730 0.000000
 2167 985 1632 1632 102394744 98201144 59623330.332956 102947195.487445 0.000000
 2168 986 1020 1020 75035964 71192764 40195698.514102 102976978.341769 0.000000
 2169 987 2652 2651 144665964 146902756 90256596.170736 103186487.926330 0.000000
 2170 988 1632 1630 97058296 108295080 64499553.153936 103251571.123538 0.000000
 2171 989 816 816 83936048 78310448 42603796.574923 102962363.329953 0.000000
 2178 990 4079 4079 145268960 143011360 117279908.970305 103335382.046489 0.000000
 2179 991 3876 3875 139528396 142982788 115145173.853059 103430580.743958 0.000000
 2180 992 4078 4080 129887992 142200008 117880301.474158 103292270.067352 0.000000
 2181 993 3672 3672 141559048 142298248 121447359.044982 103292845.589632 0.000000
 2182 994 2856 2856 117723080 113307080 104766220.007680 103089431.459746 0.000000
 2189 995 2856 2856 131495704 127617304 90659816.282912 103159726.441415 0.000000
 2190 996 2652 2651 145469364 147755756 110613779.258360 102963165.723144 0.000000
 2191 997 2652 2650 122555860 133843844 99941932.543599 103165862.277414 0.000000
 2192 998 1428 1428 109187436 104155436 63284084.877563 102859662.241960 0.000000
 2193 999 4079 4079 145461920 143012320 113966115.240700 103510366.465606 0.000000
 2200 1000 2448 2447 104586664 107941856 63284612.073204 103546888.153744 0.000000
 2201 1001 3875 3876 129346084 142195692 111831070.331385 103436318.708056 0.000000
 2202 1002 2244 2244 106745460 107481460 76255162.396384 103365779.714293 0.000000
 2203 1003 2856 2856 117170416 112756016 93170718.070858 103244121.023481 0.000000
 2204 1004 1836 1836 96701796 92872996 67127268.895233 103239697.236602 0.000000
 2211 1005 2652 2651 144665964 146902756 99955171.229676 103118211.960033 0.000000
 2212 1006 1632 1630 97058296 108295080 67205482.089057 103085359.758247 0.000000
 2213 1007 816 816 83936048 78310448 49660687.885123 102923579.585066 0.000000
 2214 1008 4079 4079 145268960 143011360 129442798.075626 103021417.028367 0.000000
 2215 1009 3876 3875 139528396 142982788 128683136.527027 103192678.338241 0.000000
 2222 1010 4078 4080 129887992 142200008 130141485.942177 103136010.010125 0.000000
 2223 1011 3672 3672 141559048 142298248 125519135.228372 103197928.224611 0.000000
 2224 1012 4080 4080 145704568 128758968 132260846.426515 102823189.574301 0.000000
 2225 1013 4080 4080 155151256 142964056 134599306.471036 102950872.022374 0.000000
 2226 1014 4484 4486 158199336 163204152 157715773.095970 102795977.907566 0.000000
 2233 1015 2652 2650 122854948 133845332 104726306.212827 103131699.563938 0.000000
 2234 1016 2448 2447 127844312 127033104 122214071.205610 102882476.561074 0.000000
 2235 1017 4079 4079 145762616 143013816 138232295.031340 103276224.842710 0.000000
 2236 1018 3876 3875 138629660 142036052 155088955.160222 103499282.137931 0.000000
 2237 1019 4078 4080 129397544 142195960 138459895.705279 103260636.855797 0.000000
 2244 1020 3672 3672 140618520 141354520 151701934.678742 103303808.399072 0.000000
 2245 1021 4080 4080 145352920 128212120 145817369.397010 103131808.835700 0.000000
 2246 1022 4080 4080 154040232 142009832 164265078.919874 103185820.500259 0.000000
 2247 1023 4484 4486 157148440 162054056 152140510.112586 103142636.654287 0.000000
 2248 1024 2652 2650 122335812 133569396 118911164.834937 103178657.157367 0.000000
 2255 1025 2448 2447 127320480 126459672 154034549.959662 102986626.582173 0.000000
 2256 1026 4079 4079 145870352 143014352 133217088.788105 103137893.962698 0.000000
 2257 1027 3876 3875 139528396 142982788 128718759.381298 103214428.987179 0.000000
 2258 1028 2446 2447 115508136 118975344 93089374.933839 102963462.079342 0.000000
 2259 1029 1836 1836 134899436 125302636 90735194.659278 103141518.813284 0.000000
 2266 1030 4486 4488 145807488 128759504 142910874.040975 102961462.958406 0.000000
 2267 1031 4080 4080 155151256 142964056 132876606.557457 103124598.530667 0.000000
 2268 1032 3260 3262 144230152 146244568 122766935.269440 102764438.333633 0.000000
 2269 1033 2039 2038 112650312 123407104 87135682.245640 103084479.047276 0.000000
 2270 1034 1632 1631 117724736 112684728 100012793.784401 103084534.754007 0.000000
 2277 1035 4485 4487 145564840 143012856 123021476.898536 103262045.922815 0.000000
 2278 1036 3876 3875 138629660 142036052 138261521.954919 103321665.538732 0.000000
 2279 1037 2446 2447 114961784 118723392 97915507.726012 103238689.974640 0.000000
 2280 1038 1836 1836 134378084 124581284 98108203.527349 103281978.423375 0.000000
 2281 1039 4486 4488 145455840 128212656 150897204.718893 103124957.436799 0.000000
 2288 1040 4080 4080 154040232 142009832 172787520.049528 103228857.113812 0.000000
 2289 1041 3260 3262 143454232 145420648 119256557.921910 103083183.039201 0.000000
 2290 1042 2039 2038 112266928 123268520 79453933.640679 103027829.861191 0.000000
 2291 1043 1632 1631 117336912 112300104 79554742.370915 102981985.019106 0.000000
 2292 1044 4485 4487 145672576 143013392 147199086.702737 102882815.330483 0.000000
 2299 1045 3876 3875 139528396 142982788 145290955.491440 102875940.526019 0.000000
 2300 1046 4078 4080 129887992 142200008 155069200.764556 102718344.271366 0.000000
 2301 1047 3672 3672 141559048 142298248 164575714.219893 102764913.992535 0.000000
 2302 1048 2856 2856 117723080 113307080 109336165.476385 102550135.525775 0.000000
 2303 1049 2856 2856 131495704 127617304 142439847.882301 102646323.178049 0.000000
 2310 1050 2652 2651 145469364 147755756 107216194.681186 102488196.915088 0.000000
 2311 1051 2652 2650 122555860 133843844 108113050.697913 102717847.770350 0.000000
 2312 1052 1428 1428 109187436 104155436 82729394.322505 102592594.348449 0.000000
 2313 1053 4079 4079 145461920 143012320 141330412.329426 102955344.909381 0.000000
 2314 1054 3876 3875 138629660 142036052 150657418.265067 103153075.646437 0.000000
 2321 1055 4078 4080 129397544 142195960 148677796.379081 102892451.240031 0.000000
 2322 1056 3672 3672 140618520 141354520 154539923.127254 102949569.716572 0.000000
 2323 1057 2856 2856 117170416 112756016 100725145.929781 102776931.972171 0.000000
 2324 1058 2856 2856 130684752 126862352 119742841.235669 102943281.831819 0.000000
 2325 1059 2652 2651 144665964 146902756 125314490.252096 102813213.458549 0.000000
 2332 1060 2652 2650 122036724 133567908 105744248.917928 102826829.231443 0.000000
 2333 1061 1428 1428 108911100 103879100 78528357.727817 102729100.492525 0.000000
 2334 1062 4079 4079 145569656 143012856 148678685.290488 102740670.940367 0.000000
 2335 1063 3876 3875 139528396 142982788 164654445.351066 102812619.914445 0.000000
 2336 1064 2446 2447 115508136 118975344 90657815.215470 102624978.563129 0.000000
 2343 1065 1836 1836 134899436 125302636 96669362.697508 102897101.649430 0.000000
 2344 1066 3262 3264 117826000 113307616 86978081.984336 102643596.610760 0.000000
 2345 1067 2856 2856 131495704 127617304 97275563.737419 102720636.691231 0.000000
 2346 1068 1836 1835 131379636 133387628 76133610.703665 102293676.780935 0.000000
 2347 1069 2039 2038 112351224 123405616 74272325.823613 102822901.843686 0.000000
 2354 1070 1020 1020 98911460 93594660 68787332.489717 102592742.298503 0.000000
 2355 1071 4079 4079 145161224 143010824 157106040.728201 102876675.878610 0.000000
 2356 1072 3876 3875 138629660 142036052 161098247.052270 102970488.698535 0.000000
 2357 1073 2446 2447 114961784 118723392 105044692.609602 102946271.710908 0.000000
 2358 1074 1836 1836 134378084 124581284 109913073.411916 102921319.813887 0.000000
 2365 1075 3262 3264 117273336 112756552 89656621.060453 102918185.538608 0.000000
 2366 1076 2856 2856 130684752 126862352 113821898.366908 102928431.545918 0.000000
 2367 1077 1836 1835 130852572 132810964 81732145.758907 102846143.548074 0.000000
 2368 1078 2039 2038 111967840 123267032 71280893.569252 103177806.385200 0.000000
 2369 1079 1020 1020 98772492 93457292 58639399.668803 102890791.068512 0.000000
 2376 1080 4079 4079 145268960 143011360 141181953.404993 103539461.625473 0.000000
 2377 1081 3876 3875 139528396 142982788 128860599.076225 103582857.505380 0.000000
 2378 1082 4078 4080 129887992 142200008 141355885.929906 103502516.856211 0.000000
 2379 1083 3672 3672 141559048 142298248 127947875.930743 103357128.485913 0.000000
 2380 1084 4080 4080 145704568 128758968 153119981.106376 103345424.816479 0.000000
 2387 1085 4080 4080 155151256 142964056 151392884.845654 103505373.559953 0.000000
 2388 1086 4484 4486 158199336 163204152 165615050.902212 103238402.352034 0.000000
 2389 1087 2652 2650 122854948 133845332 117859772.682611 103472483.108317 0.000000
 2390 1088 2448 2447 127844312 127033104 123998393.141163 103294968.192939 0.000000
 2391 1089 4079 4079 145762616 143013816 150318458.030569 103605797.695507 0.000000
 2398 1090 2448 2447 104586664 107941856 84970324.964636 103594534.060783 0.000000
 2399 1091 3875 3876 129346084 142195692 138485356.529683 103403685.045502 0.000000
 2400 1092 2244 2244 106745460 107481460 93851346.949311 103379034.149399 0.000000
 2401 1093 4080 4080 145352920 128212120 144498703.922961 103588199.818537 0.000000
 2402 1094 2652 2652 120358932 108219732 104229761.097096 103481326.297486 0.000000
 2409 1095 4078 4078 157045520 162053520 170839482.873485 103436183.618309 0.000000
 2410 1096 1632 1630 97357384 108296568 83767168.089215 103247510.516176 0.000000
 2411 1097 1428 1427 102642748 101188340 93836933.536330 103199857.396416 0.000000
 2412 1098 4079 4079 145569656 143012856 174817421.150926 103321513.827118 0.000000
 2413 1099 3876 3875 139528396 142982788 171573541.221514 103369023.191679 0.000000
 2420 1100 2446 2447 115508136 118975344 103083444.814525 103290158.017156 0.000000
 2421 1101 1836 1836 134899436 125302636 117133656.910737 103168770.009055 0.000000
 2422 1102 4486 4488 145807488 128759504 137686066.357358 103179806.087389 0.000000
 2423 1103 4080 4080 155151256 142964056 154991810.430491 103287493.325065 0.000000
 2424 1104 3260 3262 144230152 146244568 127826215.083693 103076639.990946 0.000000
 2431 1105 2039 2038 112650312 123407104 134466702.155448 103192112.193762 0.000000
 2432 1106 1632 1631 117724736 112684728 118963918.163245 103207012.938089 0.000000
 2433 1107 4485 4487 145564840 143012856 149538826.064953 103369120.409818 0.000000
 2434 1108 2448 2447 104586664 107941856 94396684.281359 103361551.487846 0.000000
 2435 1109 2243 2243 114910324 118723124 124631207.024067 103246291.115939 0.000000
 2442 1110 1020 1020 100335124 90487124 83098832.492442 103258965.098717 0.000000
 2443 1111 4283 4284 145404380 128212388 141856358.371417 103318870.248610 0.000000
 2444 1112 2652 2652 120358932 108219732 97372300.218454 103166516.538949 0.000000
 2445 1113 2854 2854 143351312 145420112 119989666.053185 103227458.609156 0.000000
 2446 1114 1427 1426 87152772 97858364 55916898.080510 103132607.932220 0.000000
 2453 1115 1020 1019 92523196 86839988 64254595.958559 103120790.458294 0.000000
 2454 1116 4282 4283 145320420 143011628 158153160.164590 103285932.803433 0.000000
 2455 1117 3876 3875 139528396 142982788 150969831.409751 103320878.642769 0.000000
 2456 1118 4078 4080 129887992 142200008 165171627.461025 102992820.023809 0.000000
 2457 1119 3672 3672 141559048 142298248 129946145.080363 103070741.562635 0.000000
 2464 1120 2856 2856 117723080 113307080 115256319.604222 103062570.734555 0.000000
 2465 1121 2856 2856 131495704 127617304 91888875.234441 103067769.498589 0.000000
 2466 1122 2652 2651 145469364 147755756 133680653.285116 102871799.044400 0.000000
 2467 1123 2652 2650 122555860 133843844 89238529.797534 103098301.680521 0.000000
 2468 1124 1428 1428 109187436 104155436 59933268.182992 102773038.507571 0.000000
 2475 1125 4079 4079 145461920 143012320 133869263.855858 103436612.535297 0.000000
 2476 1126 2448 2447 104586664 107941856 90169295.299407 103366122.413687 0.000000
 2477 1127 3875 3876 129346084 142195692 124517606.519114 103100592.161635 0.000000
 2478 1128 2244 2244 106745460 107481460 84263607.386201 103103812.780159 0.000000
 2479 1129 2856 2856 117170416 112756016 84707818.582289 103100903.929902 0.000000
 2486 1130 1836 1836 96701796 92872996 68849995.713270 103095594.721817 0.000000
 2487 1131 2652 2651 144665964 146902756 94522868.204365 103009586.163114 0.000000
 2488 1132 1632 1630 97058296 108295080 60174785.324461 102909770.205364 0.000000
 2489 1133 816 816 83936048 78310448 41782980.676773 102822977.493081 0.000000
 2490 1134 4079 4079 145268960 143011360 164307652.612228 102988137.375288 0.000000
 2497 1135 3876 3875 139528396 142982788 111105571.754323 103090190.378645 0.000000
 2498 1136 2446 2447 115508136 118975344 99737896.149345 102939838.586304 0.000000
 2499 1137 1836 1836 134899436 125302636 90877337.495603 103090788.200221 0.000000
 2500 1138 3262 3264 117826000 113307616 126312451.121105 102924544.331487 0.000000
 2501 1139 2856 2856 131495704 127617304 95150432.142230 102997116.262348 0.000000
 2508 1140 1836 1835 131379636 133387628 108331258.533934 102972234.018909 0.000000
 2509 1141 2039 2038 112351224 123405616 86232181.345620 102897449.796577 0.000000
 2510 1142 1020 1020 98911460 93594660 59415889.033073 102704522.962540 0.000000
 2511 1143 4079 4079 145161224 143010824 124581942.915172 103084435.001976 0.000000
 2512 1144 2448 2447 104586664 107941856 88243047.051049 103107403.411290 0.000000
 2519 1145 2243 2243 114910324 118723124 81574737.743838 103208036.351964 0.000000
 2520 1146 1020 1020 100335124 90487124 58322083.338154 102954836.348827 0.000000
 2521 1147 3059 3060 117221876 112756284 83237132.048070 102997392.874668 0.000000
 2522 1148 1836 1836 96701796 92872996 72719964.899011 103085161.784399 0.000000
 2523 1149 1836 1835 130852572 132810964 79188104.228203 102875277.454536 0.000000
 2530 1150 1223 1223 86853672 97856872 47348042.046005 102823626.536686 0.000000
 2531 1151 612 612 74862868 67755668 34502068.614509 102759531.206456 0.000000